9.499999999999999556e-01 5.749999999999999556e-01 2.999999999999999889e-01
9.499999999999999556e-01 5.749999999999999556e-01 2.750000000000000222e-01
9.499999999999999556e-01 5.749999999999999556e-01 2.750000000000000222e-01
9.499999999999999556e-01 5.749999999999999556e-01 2.750000000000000222e-01
9.499999999999999556e-01 5.749999999999999556e-01 2.750000000000000222e-01
9.499999999999999556e-01 5.749999999999999556e-01 2.750000000000000222e-01
9.499999999999999556e-01 5.749999999999999556e-01 2.750000000000000222e-01
9.499999999999999556e-01 5.749999999999999556e-01 2.750000000000000222e-01
9.499999999999999556e-01 5.749999999999999556e-01 2.750000000000000222e-01
9.499999999999999556e-01 5.749999999999999556e-01 2.750000000000000222e-01
