9.953215101729953052e-01 9.698618213469698546e-01 9.652703731911652651e-01
9.952997497551953066e-01 9.699271026003699614e-01 9.651180502665651639e-01
9.953432705907953038e-01 9.698183005113698574e-01 9.651180502665651639e-01
9.952997497551953066e-01 9.698400609291698560e-01 9.650962898487650543e-01
9.953215101729953052e-01 9.697965400935697478e-01 9.651398106843651625e-01
9.952779893373953080e-01 9.698400609291698560e-01 9.651180502665651639e-01
9.953867914263954120e-01 9.698183005113698574e-01 9.651180502665651639e-01
9.952779893373953080e-01 9.698400609291698560e-01 9.651615711021651611e-01
9.952779893373953080e-01 9.698183005113698574e-01 9.651398106843651625e-01
9.952562289195953094e-01 9.697965400935697478e-01 9.650962898487650543e-01
