8.163855946034164202e-01 6.115330214340115589e-01 4.947883799368947844e-01
8.164726362746165256e-01 6.115330214340115589e-01 4.948754216080948898e-01
8.164073550212164188e-01 6.115547818518115575e-01 4.948101403546947830e-01
8.164943966924165242e-01 6.115112610162115603e-01 4.948101403546947830e-01
8.164508758568164160e-01 6.115112610162115603e-01 4.948536611902948357e-01
8.163638341856163105e-01 6.114242193450114549e-01 4.947448591012947317e-01
8.163638341856163105e-01 6.115765422696115561e-01 4.948319007724948371e-01
8.164291154390164174e-01 6.115112610162115603e-01 4.948319007724948371e-01
8.164073550212164188e-01 6.115112610162115603e-01 4.948319007724948371e-01
8.163638341856163105e-01 6.115765422696115561e-01 4.948319007724948371e-01
