3.706097030871087661e+00 4.416797092427408700e+00 3.973207261981496874e+00
3.674826152426854620e+00 4.231652685210140596e+00 3.938220516681794958e+00
3.319178393340375344e+00 4.309231797303485045e+00 4.138218063527292934e+00
3.281399270465816809e+00 4.073299447207297419e+00 4.301381793305064427e+00
3.433449402915034643e+00 4.022879916675194067e+00 4.108830222074594474e+00
3.517687919452611833e+00 3.908843543680694310e+00 4.148466845851227269e+00
3.281048672323163995e+00 3.939842376813523561e+00 4.325304030566956115e+00
3.256798894368447606e+00 3.870431683235417974e+00 4.316412009190047527e+00
3.239719274737922206e+00 3.900661593097783708e+00 4.241186697084561530e+00
3.193597468464037359e+00 3.871593888220367319e+00 4.321511787858810294e+00
