1.072319201995012433e-01 1.997649823736780128e-02 1.509054325955734403e-02
1.031518624641833831e-01 2.199999999999999872e-02 1.563404748118123883e-02
1.225071225071225067e-01 2.269692923898531528e-02 1.338766006984866072e-02
1.104815864022662825e-01 1.870407481629926538e-02 1.396973224679860272e-02
8.723404255319149037e-02 1.679664067186562720e-02 1.151832460732984259e-02
1.178160919540229834e-01 2.021563342318059148e-02 1.358535144713526356e-02
1.010638297872340358e-01 1.761517615176151630e-02 1.136363636363636395e-02
8.808290155440413882e-02 1.790450928381963000e-02 1.287302516091281407e-02
1.045576407506702415e-01 1.732178547634910179e-02 1.181334908446544582e-02
1.076487252124645883e-01 1.830508474576271125e-02 1.543026706231453993e-02
