1.734104046242774394e-02 7.234394377842083904e-04 5.294156574680696642e-04
2.807017543859649175e-02 8.438818565400844039e-04 4.701141705842847539e-04
3.980099502487562113e-02 8.368200836820083180e-04 5.374177079134757722e-04
3.980099502487562113e-02 7.306126709111783425e-04 5.374538125629828474e-04
2.605863192182410540e-02 8.158270446665306539e-04 4.694206008583690971e-04
2.601156069364161938e-02 7.268951194184838623e-04 4.704617245782646644e-04
5.194805194805195148e-02 6.297229219143576657e-04 4.711266657692825201e-04
3.271028037383177239e-02 8.397186942374304953e-04 4.712535344015079996e-04
3.783783783783783994e-02 6.251953735542356604e-04 5.385754678874376828e-04
4.761904761904761640e-02 7.335988262418779949e-04 4.710315591144606864e-04
