9.922097704275921748e-01 9.637036231095637007e-01 9.573931019475574455e-01
9.931889892285932220e-01 9.680774670873680821e-01 9.630072897399629683e-01
9.932977913175933260e-01 9.681427483407681889e-01 9.631160918289630724e-01
9.931672288107931124e-01 9.680339462517680849e-01 9.631378522467631820e-01
9.906647807637907199e-01 9.643346752257643262e-01 9.589163311935589018e-01
9.933195517353933246e-01 9.683603525187683969e-01 9.636601022739637035e-01
9.926449787835925909e-01 9.684473941899685023e-01 9.640300293765640127e-01
9.923403329343923884e-01 9.677728212381677686e-01 9.632901751713632832e-01
9.927320204547926963e-01 9.679033837449678712e-01 9.635948210205635966e-01
9.931454683929931138e-01 9.684909150255684995e-01 9.638994668697639101e-01
