9.863996373236619819e-01 7.421531240833089127e-01 5.972425931358169571e-01
9.926131363503026828e-01 7.474065975092669678e-01 6.031094162511000389e-01
9.948531960852289302e-01 7.452732072855275947e-01 6.032427531400836873e-01
9.948533333333333672e-01 7.446865249739993420e-01 6.032694205178804614e-01
9.920264540387743191e-01 7.387130323475292748e-01 6.025227339395716752e-01
9.910130936824982362e-01 7.433866666666666401e-01 6.034133333333333571e-01
9.961067704861203964e-01 7.460732286194298180e-01 6.039627723405956994e-01
9.944802943842995235e-01 7.461532307528200292e-01 6.040694418517826847e-01
9.952532067521800974e-01 7.442331795514547377e-01 6.040961092295794588e-01
9.962665671084561803e-01 7.457265527080721990e-01 6.038827702072054882e-01
