3.767659925621816619e+00 3.810344666826866789e+00 3.664008214247557849e+00
3.794569168714072127e+00 3.825882623808015026e+00 3.727294706034533611e+00
3.719607170443681277e+00 3.736115418902183016e+00 3.630103803049503419e+00
3.728123846416898868e+00 3.865780532292320881e+00 3.698351689542937581e+00
3.756596117287287928e+00 3.792399856903244437e+00 3.692488197059683230e+00
3.907772111491880640e+00 4.059603768783263789e+00 3.904533320366904370e+00
3.750672420463740053e+00 3.942201443287205009e+00 3.767617589833422986e+00
3.804938184633320564e+00 3.967773897213907830e+00 3.732401635236471282e+00
3.891737195692021256e+00 3.898225262753632236e+00 3.853971113739536047e+00
3.839117448524416165e+00 3.941146298608402265e+00 3.920052017121308463e+00
