2.391304347826087029e-01 4.347826086956521618e-02 0.000000000000000000e+00
2.391304347826087029e-01 4.347826086956521618e-02 0.000000000000000000e+00
2.391304347826087029e-01 4.347826086956521618e-02 0.000000000000000000e+00
2.391304347826087029e-01 4.347826086956521618e-02 0.000000000000000000e+00
2.391304347826087029e-01 4.347826086956521618e-02 0.000000000000000000e+00
2.391304347826087029e-01 4.347826086956521618e-02 0.000000000000000000e+00
2.391304347826087029e-01 4.347826086956521618e-02 0.000000000000000000e+00
2.391304347826087029e-01 4.347826086956521618e-02 0.000000000000000000e+00
2.391304347826087029e-01 4.347826086956521618e-02 0.000000000000000000e+00
2.391304347826087029e-01 4.347826086956521618e-02 0.000000000000000000e+00
