8.043478260869565410e-01 6.304347826086956763e-01 4.565217391304347561e-01
8.478260869565217295e-01 6.086956521739130821e-01 4.782608695652174058e-01
8.260869565217391353e-01 6.304347826086956763e-01 4.782608695652174058e-01
8.478260869565217295e-01 6.304347826086956763e-01 5.000000000000000000e-01
8.043478260869565410e-01 6.086956521739130821e-01 4.782608695652174058e-01
8.478260869565217295e-01 6.304347826086956763e-01 4.782608695652174058e-01
8.260869565217391353e-01 6.521739130434782705e-01 4.782608695652174058e-01
8.260869565217391353e-01 6.521739130434782705e-01 4.782608695652174058e-01
8.260869565217391353e-01 6.304347826086956763e-01 5.000000000000000000e-01
8.260869565217391353e-01 6.304347826086956763e-01 5.000000000000000000e-01
