9.954085518441954106e-01 9.704711130453704815e-01 9.662495919921662013e-01
9.954520726797954078e-01 9.702752692851702720e-01 9.656620607115656840e-01
9.954303122619954092e-01 9.703187901207702692e-01 9.656838211293656826e-01
9.954085518441954106e-01 9.702535088673702734e-01 9.659231857251658893e-01
9.953432705907953038e-01 9.703840713741703761e-01 9.657926232183657866e-01
9.954738330975955174e-01 9.703187901207702692e-01 9.657708628005657880e-01
9.954085518441954106e-01 9.702752692851702720e-01 9.657055815471656812e-01
9.953867914263954120e-01 9.702752692851702720e-01 9.657055815471656812e-01
9.953867914263954120e-01 9.702752692851702720e-01 9.657708628005657880e-01
9.954085518441954106e-01 9.703840713741703761e-01 9.657273419649656798e-01
