8.137525840496137031e-01 6.082254379284082191e-01 4.929169840060929064e-01
8.138613861386138071e-01 6.083995212708084299e-01 4.928952235882929078e-01
8.138178653030138099e-01 6.083777608530084313e-01 4.929169840060929064e-01
8.138178653030138099e-01 6.084430421064084271e-01 4.928734631704928537e-01
8.137961048852138113e-01 6.083342400174083231e-01 4.930040256772930118e-01
8.138613861386138071e-01 6.083560004352083217e-01 4.929169840060929064e-01
8.137090632140137059e-01 6.084212816886084285e-01 4.929169840060929064e-01
8.137961048852138113e-01 6.083995212708084299e-01 4.928517027526928551e-01
8.137743444674138127e-01 6.084430421064084271e-01 4.928734631704928537e-01
8.137961048852138113e-01 6.084430421064084271e-01 4.928299423348928565e-01
