4.177090925402298538e+00 4.437542192116483264e+00 4.134774955165748445e+00
4.163787631251635979e+00 4.590537010495890691e+00 4.217198168562706684e+00
4.218665074507049972e+00 4.269988918681549173e+00 4.056315934301844450e+00
3.913303531083007769e+00 4.273482216189941951e+00 3.969550652253197143e+00
4.187985816866873101e+00 4.419938739187295518e+00 4.261920182413655667e+00
4.458551315716207775e+00 4.501403453119556808e+00 3.822012037059719258e+00
4.373998989702639228e+00 4.482784271732463743e+00 4.134793405550024836e+00
4.204566143275203061e+00 4.448816857641197053e+00 3.914805083937026531e+00
4.060987401282763365e+00 4.002268699705843424e+00 4.427275868686962212e+00
4.117281675249527595e+00 4.184490709771398365e+00 4.183500355369142554e+00
