9.818246456028084657e-01 9.732146824867795587e-01 9.685671540090968756e-01
9.822023730169310296e-01 9.735813002710749231e-01 9.692411382186097990e-01
9.826689774696707458e-01 9.742034395413944337e-01 9.697595876105422619e-01
9.824690041327822643e-01 9.739034795360618224e-01 9.696262720526180878e-01
9.833133359996445444e-01 9.748033595520597672e-01 9.702854434223605606e-01
9.840687908278895613e-01 9.753144025241079484e-01 9.707446414552165503e-01
9.834910900768786268e-01 9.750477714082567138e-01 9.708187056540639182e-01
9.839132560103097669e-01 9.751033195573923784e-01 9.708409249137175401e-01
9.840465715682353842e-01 9.752477447451450843e-01 9.710705239301450353e-01
9.841132293471981374e-01 9.754699373416877428e-01 9.715000962834610121e-01
