1.350135013501350088e-02 7.197290431837425478e-03 2.999625046869141502e-03
1.337021668971876374e-02 6.170300287947346612e-03 4.054552156284555939e-03
1.504513540621865535e-02 7.165248544558889231e-03 4.291845493562231745e-03
9.252405625462620936e-03 5.619950825430277373e-03 2.560819462227912832e-03
7.529089664613278568e-03 4.185447520927237236e-03 2.433830240340736136e-03
6.602839220864972249e-03 4.410838059231253841e-03 2.255427121511136175e-03
6.269592476489028619e-04 1.050893259270379914e-03 5.376344086021505372e-04
1.390240511608508269e-04 1.270002540005079879e-04 1.171097318187141415e-04
0.000000000000000000e+00 0.000000000000000000e+00 0.000000000000000000e+00
0.000000000000000000e+00 0.000000000000000000e+00 2.820715333408552346e-05
