3.717472118959107980e-02 0.000000000000000000e+00 0.000000000000000000e+00
3.134796238244513811e-02 0.000000000000000000e+00 0.000000000000000000e+00
2.770083102493074712e-02 0.000000000000000000e+00 0.000000000000000000e+00
1.829268292682926719e-02 1.014919313914543805e-04 0.000000000000000000e+00
6.640106241699867372e-03 9.806805923310778184e-05 0.000000000000000000e+00
5.107252298263534156e-03 9.728572818367545497e-05 0.000000000000000000e+00
1.196601651310278867e-04 0.000000000000000000e+00 0.000000000000000000e+00
0.000000000000000000e+00 0.000000000000000000e+00 0.000000000000000000e+00
0.000000000000000000e+00 0.000000000000000000e+00 0.000000000000000000e+00
0.000000000000000000e+00 0.000000000000000000e+00 0.000000000000000000e+00
