9.523011641823523332e-01 9.489718202589489948e-01 9.421390490697421072e-01
9.534327059079534816e-01 9.474268305951474289e-01 9.412033511043411682e-01
9.572625394407572319e-01 9.517571537373517021e-01 9.444674137743445108e-01
9.417473615493417993e-01 9.383962572081383513e-01 9.321945381351322002e-01
9.368947883799368936e-01 9.326950277445327231e-01 9.286475900337286538e-01
9.345229028397344928e-01 9.312370797519312626e-01 9.229898814057230227e-01
8.612555761070612714e-01 8.552061799586552215e-01 8.381895332390382203e-01
8.434990751822435406e-01 8.286802306604287294e-01 8.142095528234142288e-01
4.259819388532259943e-01 3.518224349907518311e-01 2.861712544880861686e-01
2.557501904036557638e-01 2.437819606136437944e-01 2.285714285714285643e-01
