9.930846661148640120e-01 7.400277673946707990e-01 6.063332710330280317e-01
9.917501001201441957e-01 7.414299444681760054e-01 6.061463701172136176e-01
9.906282540784450141e-01 7.413024323819186190e-01 6.059861693322297072e-01
9.871038368088003168e-01 7.369503110565241988e-01 6.033161562491655694e-01
9.800283021386805293e-01 7.277654660507836271e-01 6.037217001281504070e-01
9.739940725709556046e-01 7.255760553226711096e-01 5.964275224948601961e-01
7.768937067791632511e-01 6.783969241449283594e-01 5.674044802819533384e-01
6.233769696323352427e-01 5.176888366752997461e-01 4.422342669479080723e-01
1.754952742030223833e-01 1.534990521453555024e-01 1.362774677595920136e-01
2.670671472433586713e-01 2.518089338637759522e-01 2.358563609664931227e-01
