4.078957893887606545e+00 4.300363661147874161e+00 4.271039070917457714e+00
4.089738016220354488e+00 4.261579053621426638e+00 4.241621319656111666e+00
3.995728061842800383e+00 4.322291636296912820e+00 4.302518092077235679e+00
3.893193241960493101e+00 4.330000459046845052e+00 4.312421784134111924e+00
3.935963350504283476e+00 4.219603931671067620e+00 4.236374433490102120e+00
4.163208139957094822e+00 4.328008208169161541e+00 4.232531615213005693e+00
4.149071750799099512e+00 4.190877403980780791e+00 4.096274435304477990e+00
4.185805635632195099e+00 4.214987361745183847e+00 4.104158129930616461e+00
2.256880173593513561e+00 1.782327056044100688e+00 1.369885290182726090e+00
8.307698303222450509e-01 7.364720722843156597e-01 7.055431296475919156e-01
