3.982810773493355327e+00 3.935151722740247937e+00 3.934384794951373721e+00
4.034546842105921627e+00 3.919780352653004840e+00 3.905452370562383368e+00
3.890764055219203765e+00 3.916993092113031150e+00 3.901309690472351654e+00
3.961079702523685242e+00 3.867601191775208669e+00 3.924277212729131659e+00
4.085441273011947594e+00 4.054901041692665409e+00 4.002270926392371919e+00
4.041143738264302065e+00 4.021412459256161753e+00 3.996139509239277299e+00
4.115331502401764041e+00 3.986068393062959458e+00 4.029779432116983529e+00
4.045896820788825288e+00 3.930851290611538928e+00 3.924978119532182230e+00
3.858169018841557829e+00 3.769141480681176493e+00 3.859780781470774080e+00
3.963895199058526497e+00 3.845388458345068816e+00 3.870884048278502743e+00
