3.470105891601483084e+00 3.744087861229404179e+00 3.845623336274963666e+00
3.178315044467526995e+00 3.561872169033230229e+00 3.736591060584209867e+00
3.448581860081751937e+00 3.730366664285356570e+00 3.810067459425685588e+00
4.028626343796223530e+00 4.043398794129652529e+00 4.012818475988689570e+00
3.785087972999551020e+00 3.894845735942321863e+00 3.952654841829105870e+00
3.566867778953399792e+00 3.721271780608459423e+00 3.748868491146675197e+00
3.788443736009657226e+00 3.987434286310924669e+00 3.948738561427861171e+00
3.608043870276433474e+00 3.877077562299740432e+00 3.898997255014448271e+00
3.550895586176006091e+00 3.729631516100922362e+00 3.797141280683741460e+00
3.642706817892254811e+00 3.877737353346952798e+00 3.885861715723818666e+00
