9.865085409639865466e-01 9.628767272331628657e-01 9.560221956261559795e-01
9.864432597105864398e-01 9.637471439451636979e-01 9.565444456533565010e-01
9.872701555869872747e-01 9.639212272875639087e-01 9.578500707213578602e-01
9.832227178761832054e-01 9.615928625829616161e-01 9.555869872701555634e-01
9.875748014361875882e-01 9.647698835817647423e-01 9.589380916113589004e-01
9.879882493743880056e-01 9.648351648351648491e-01 9.558698727015558783e-01
9.880100097921880042e-01 9.653138940267652623e-01 9.592209770427592153e-01
9.880317702099880028e-01 9.654009356979653678e-01 9.591556957893591084e-01
9.883146556413883177e-01 9.657055815471656812e-01 9.593515395495593179e-01
9.881405722989881069e-01 9.658361440539657838e-01 9.596779458165596299e-01
