8.089217712980089070e-01 6.031335001632031068e-01 4.881949733434882144e-01
8.068327711892068210e-01 6.042432814710042566e-01 4.895223588292895167e-01
8.118376672832118279e-01 6.048743335872048821e-01 4.905450984658905611e-01
8.080295941682080763e-01 6.053530627788054064e-01 4.906974213904907178e-01
8.120117506256120388e-01 6.052877815254052996e-01 4.904798172124904543e-01
8.088782504624089098e-01 6.051572190186051969e-01 4.907191818082907164e-01
8.123599173104123494e-01 6.060058753128060305e-01 4.916331193558916568e-01
8.091393754760091150e-01 6.062017190730062399e-01 4.917419214448917608e-01
8.133608965292133952e-01 6.067674899358067586e-01 4.922206506364922296e-01
8.104667609618104729e-01 6.070721357850070721e-01 4.925035360678924889e-01
