9.300982091276718267e-01 9.213327111940630143e-01 9.164481772800666670e-01
9.347420343954139232e-01 9.260543038705950636e-01 9.225288480054547602e-01
9.456961294049682776e-01 9.360640803448428970e-01 9.298019523322823554e-01
9.338977025285517541e-01 9.248433542194374191e-01 9.223585003481047373e-01
9.485624139003688837e-01 9.403079589388081416e-01 9.354456442844655273e-01
9.420966093409767206e-01 9.298204683819935035e-01 9.268912293175748385e-01
9.409856463582633168e-01 9.342643203128472296e-01 9.268764164778001691e-01
9.402746300493267650e-01 9.308647735857441541e-01 9.251581270645363730e-01
9.415411278496200742e-01 9.246878194018575137e-01 9.179220548371310739e-01
9.380304848242456695e-01 9.225992089943563235e-01 9.191663333777734257e-01
