4.125651968165129801e+00 3.752223217531629906e+00 3.498264846448260190e+00
3.786708483530505820e+00 3.450233190357852031e+00 3.324447404159931896e+00
3.975478977410398240e+00 3.721559228629546023e+00 3.590851556567509650e+00
3.673010426460265432e+00 3.605305706036960434e+00 3.480958610629619976e+00
3.666980789314397970e+00 3.371748471968772254e+00 3.188438416787230167e+00
3.925648575838559307e+00 3.575707614676985280e+00 3.478291676283616685e+00
3.859706781574491430e+00 3.575235249867030785e+00 3.398662540316748970e+00
3.874688707269641874e+00 3.649893597247897858e+00 3.541822981784098712e+00
3.936983800919235499e+00 3.842754239408719741e+00 3.639953079080552545e+00
3.651894964197876625e+00 3.519108724852551884e+00 3.332902723390804400e+00
