4.000000000000000222e-01 5.250997689561017097e-04 2.020746328977502434e-04
4.000000000000000222e-01 5.250997689561017097e-04 2.020882452004041775e-04
4.000000000000000222e-01 5.251549207016069755e-04 2.021018593371058907e-04
4.000000000000000222e-01 5.252100840336134226e-04 2.020882452004041775e-04
4.102564102564102422e-01 5.251549207016069755e-04 2.020746328977502434e-04
4.000000000000000222e-01 5.250997689561017097e-04 2.020746328977502434e-04
4.000000000000000222e-01 5.250997689561017097e-04 2.020746328977502434e-04
4.102564102564102422e-01 5.251549207016069755e-04 2.020746328977502434e-04
4.000000000000000222e-01 5.251549207016069755e-04 2.021290931141355720e-04
4.000000000000000222e-01 5.250997689561017097e-04 2.022653721682847992e-04
