1.428571428571428492e-01 1.854493580599144223e-02 8.832807570977917536e-03
1.428571428571428492e-01 1.837455830388692521e-02 8.760951188986232374e-03
1.423220973782771404e-01 1.832276250880902208e-02 8.755472170106316440e-03
1.433962264150943355e-01 1.832276250880902208e-02 8.755472170106316440e-03
1.428571428571428492e-01 1.836158192090395561e-02 8.771929824561403022e-03
1.433962264150943355e-01 1.832276250880902208e-02 8.739076154806492414e-03
1.428571428571428492e-01 1.830985915492957736e-02 8.755472170106316440e-03
1.433962264150943355e-01 1.834862385321101019e-02 8.739076154806492414e-03
1.433962264150943355e-01 1.832276250880902208e-02 8.744534665833853318e-03
1.428571428571428492e-01 1.829697396199859299e-02 8.739076154806492414e-03
