9.950386247415949903e-01 9.700576651071700640e-01 9.658143836361657852e-01
9.950386247415949903e-01 9.697747796757697492e-01 9.655314982047655814e-01
9.950168643237949917e-01 9.696877380045696437e-01 9.655097377869654718e-01
9.950603851593950999e-01 9.696877380045696437e-01 9.655097377869654718e-01
9.950386247415949903e-01 9.697530192579697506e-01 9.655750190403655786e-01
9.950603851593950999e-01 9.696877380045696437e-01 9.654444565335654760e-01
9.950386247415949903e-01 9.696659775867696451e-01 9.655097377869654718e-01
9.950603851593950999e-01 9.697312588401697520e-01 9.654444565335654760e-01
9.950603851593950999e-01 9.696877380045696437e-01 9.654662169513654746e-01
9.950386247415949903e-01 9.696442171689696465e-01 9.654444565335654760e-01
