9.993597609774316215e-01 7.461185509256789139e-01 6.040388411673691671e-01
9.993597609774316215e-01 7.461185509256789139e-01 6.040655177933095255e-01
9.993597609774316215e-01 7.461452275516192723e-01 6.040921944192498838e-01
9.993597609774316215e-01 7.461719041775596306e-01 6.040655177933095255e-01
9.993864376033719799e-01 7.461452275516192723e-01 6.040388411673691671e-01
9.993597609774316215e-01 7.461185509256789139e-01 6.040388411673691671e-01
9.993597609774316215e-01 7.461185509256789139e-01 6.040388411673691671e-01
9.993864376033719799e-01 7.461452275516192723e-01 6.040388411673691671e-01
9.993597609774316215e-01 7.461452275516192723e-01 6.041455476711306005e-01
9.993597609774316215e-01 7.461185509256789139e-01 6.044123139305340731e-01
