4.106976464206674393e+00 4.061494090318010564e+00 3.871790629159276520e+00
4.363417456857326293e+00 4.095320051308815934e+00 4.278356813409852855e+00
4.032649633251884858e+00 3.979122255989630652e+00 3.765698898828361507e+00
4.000449363933864966e+00 3.654767140395901670e+00 3.968611609558708953e+00
4.187788068383416551e+00 3.851512639641971436e+00 4.000934147980034439e+00
4.354410719435785282e+00 4.089903938232935410e+00 4.121217442113714213e+00
4.336894547687526469e+00 4.230473671384423540e+00 3.914362260319016684e+00
4.192138812759267807e+00 3.864969215579881823e+00 3.749213165870017406e+00
4.108878070223988210e+00 4.062681730388710832e+00 3.991419932588696540e+00
4.456115808455933802e+00 4.169389254665544442e+00 4.208510468609323318e+00
