8.541666666666666297e-01 6.250000000000000000e-01 3.541666666666666852e-01
8.333333333333333703e-01 6.458333333333333703e-01 4.166666666666666852e-01
8.333333333333333703e-01 6.250000000000000000e-01 4.375000000000000000e-01
8.541666666666666297e-01 6.041666666666666297e-01 4.375000000000000000e-01
8.541666666666666297e-01 6.041666666666666297e-01 4.375000000000000000e-01
7.708333333333333703e-01 6.458333333333333703e-01 4.166666666666666852e-01
7.708333333333333703e-01 6.666666666666666297e-01 4.166666666666666852e-01
8.541666666666666297e-01 6.041666666666666297e-01 4.166666666666666852e-01
7.500000000000000000e-01 6.666666666666666297e-01 4.583333333333333148e-01
7.916666666666666297e-01 6.250000000000000000e-01 4.791666666666666852e-01
