9.887716244151887324e-01 9.665759982591666244e-01 9.601131541725601570e-01
9.886628223261886284e-01 9.668806441083668268e-01 9.600696333369600488e-01
9.885757806549885229e-01 9.669459253617669336e-01 9.601566750081601542e-01
9.872701555869872747e-01 9.676640191491676646e-01 9.599608312479599448e-01
9.793493635077793469e-01 9.633336960069632804e-01 9.552823414209552499e-01
9.801327385485801846e-01 9.674246545533674579e-01 9.570014144271570267e-01
9.818518115547818503e-01 9.662278315743662027e-01 9.576759873789576494e-01
9.749972799477749641e-01 9.666848003481667284e-01 9.553258622565553582e-01
9.631596126645631806e-01 9.617016646719617201e-01 9.523229246001523318e-01
9.704058317919703747e-01 9.685344358611684967e-01 9.577847894679577534e-01
