8.144706778370144340e-01 6.095963442498095741e-01 4.942008486562942116e-01
8.142095528234142288e-01 6.094875421608094701e-01 4.934174736154934293e-01
8.143183549124143328e-01 6.096616255032096809e-01 4.943531715808943683e-01
8.143836361658143286e-01 6.095745838320095755e-01 4.943531715808943683e-01
8.138613861386138071e-01 6.100097921880099916e-01 4.945490153410945222e-01
8.130997715156130790e-01 6.107061255576107239e-01 4.943531715808943683e-01
8.132085736046131830e-01 6.105755630508106213e-01 4.943531715808943683e-01
8.120117506256120388e-01 6.085300837776085325e-01 4.966162550320966096e-01
8.123163964748123522e-01 6.100750734414100984e-01 4.952888695462953073e-01
8.129692090088129763e-01 6.097269067566096767e-01 4.950059841148949924e-01
