4.316430913487709908e+00 4.399015387119347587e+00 4.237406385440923628e+00
4.309323614461456842e+00 4.341801642960121832e+00 4.244801092341350390e+00
4.175614514389629939e+00 4.297841521835816359e+00 4.223023840922954797e+00
4.291301237643186717e+00 4.379847128929640121e+00 4.215897208997378520e+00
4.253177686066641705e+00 4.348313425305003754e+00 4.214465123390718659e+00
4.205324098654082299e+00 4.367615276668112223e+00 4.232089731685016787e+00
4.257779815014707481e+00 4.301147569909114843e+00 4.212262552493973189e+00
4.203816746968232820e+00 4.331664613062661928e+00 4.221300374714395787e+00
4.284504343526500669e+00 4.323637085179148798e+00 4.143406604702394525e+00
4.255264898470652923e+00 4.319861866864203925e+00 4.179813577121494816e+00
