9.825578811713994165e-01 9.758809936452917944e-01 9.708187056540641402e-01
9.871128294005243609e-01 9.770475047771408628e-01 9.721074227140111823e-01
9.872461449584499782e-01 9.773363551526462745e-01 9.722407382719371327e-01
9.862684975336621918e-01 9.782362351686442192e-01 9.731961664370697429e-01
9.841132293471981374e-01 9.782473447984713077e-01 9.731369150779927146e-01
9.799582277918499340e-01 9.769030795893880459e-01 9.731369150779923816e-01
9.810914100342176258e-01 9.772696973736835213e-01 9.733072627353415163e-01
9.821579344976225645e-01 9.774918899702261799e-01 9.734331718733826300e-01
9.803137359463183209e-01 9.777363018264231265e-01 9.741145625027805011e-01
9.795138425987646169e-01 9.773696840421277621e-01 9.736405516301560592e-01
