9.406301382037950409e-01 9.390636803981691205e-01 9.350382911908047268e-01
9.401635337510554358e-01 9.395969426298715899e-01 9.372305914766932977e-01
9.488957027951828715e-01 9.420410611918410559e-01 9.366084522063734541e-01
9.576945296182731715e-01 9.536061858418877213e-01 9.482365314254428412e-01
9.501177620761676046e-01 9.462849397858063005e-01 9.423780532966015144e-01
9.325201084299871157e-01 9.328089588054926384e-01 9.313350812484270103e-01
9.330978091809980501e-01 9.324978891703328276e-01 9.317794664415114392e-01
9.638714838021597009e-01 9.590832333466648985e-01 9.539616939963548869e-01
9.240767897613652027e-01 9.240545705017109146e-01 9.219437408345565466e-01
9.415411278496200742e-01 9.409078789494733641e-01 9.394747367017737272e-01
