3.936345393657711522e+00 3.956220864457514974e+00 3.925039751856840731e+00
3.925179001525750611e+00 3.994469675893861815e+00 3.971853111862147401e+00
4.015317196089235097e+00 4.104230873728798024e+00 4.070394991595565060e+00
3.910744708596085140e+00 3.954146783531009124e+00 3.947170004865719228e+00
3.927876564276199023e+00 4.011052305745963942e+00 4.007251774704665870e+00
3.896312018336436811e+00 3.946214901863008606e+00 3.926146430822128774e+00
3.844265969379780934e+00 3.926398434653870950e+00 3.895556759874028607e+00
3.814130870635099146e+00 3.906702958799252556e+00 3.915924946027232068e+00
3.789132584777637369e+00 3.854966671877742002e+00 3.841349306370368311e+00
3.666232820131840153e+00 3.794197632862366554e+00 3.807031315773607982e+00
