6.250000000000000000e-02 6.250000000000000000e-02 4.166666666666666435e-02
1.041666666666666713e-01 6.250000000000000000e-02 4.166666666666666435e-02
1.250000000000000000e-01 4.166666666666666435e-02 2.083333333333333218e-02
1.458333333333333426e-01 6.250000000000000000e-02 6.250000000000000000e-02
1.458333333333333426e-01 6.250000000000000000e-02 2.083333333333333218e-02
1.458333333333333426e-01 6.250000000000000000e-02 4.166666666666666435e-02
1.250000000000000000e-01 6.250000000000000000e-02 6.250000000000000000e-02
1.458333333333333426e-01 4.166666666666666435e-02 4.166666666666666435e-02
1.250000000000000000e-01 4.166666666666666435e-02 4.166666666666666435e-02
1.458333333333333426e-01 4.166666666666666435e-02 2.083333333333333218e-02
