6.041666666666666297e-01 3.958333333333333148e-01 2.500000000000000000e-01
5.833333333333333703e-01 3.541666666666666852e-01 1.666666666666666574e-01
6.875000000000000000e-01 4.375000000000000000e-01 2.500000000000000000e-01
7.500000000000000000e-01 4.166666666666666852e-01 2.500000000000000000e-01
6.875000000000000000e-01 4.166666666666666852e-01 2.500000000000000000e-01
7.291666666666666297e-01 4.791666666666666852e-01 2.708333333333333148e-01
6.875000000000000000e-01 4.791666666666666852e-01 2.708333333333333148e-01
7.500000000000000000e-01 5.208333333333333703e-01 2.291666666666666574e-01
7.708333333333333703e-01 4.583333333333333148e-01 3.125000000000000000e-01
7.500000000000000000e-01 5.000000000000000000e-01 2.708333333333333148e-01
