9.879229681209878988e-01 9.664671961701665204e-01 9.598737895767598394e-01
9.879012077031879002e-01 9.664236753345664122e-01 9.599390708301599462e-01
9.879012077031879002e-01 9.664889565879665190e-01 9.600913937547600474e-01
9.882058535523882137e-01 9.667936024371668324e-01 9.603742791861603623e-01
9.883799368947884245e-01 9.667936024371668324e-01 9.605701229463605717e-01
9.885104994015885271e-01 9.669459253617669336e-01 9.605483625285605731e-01
9.883581764769883149e-01 9.670547274507670377e-01 9.604178000217604705e-01
9.884234577303884217e-01 9.670764878685670363e-01 9.606571646175606771e-01
9.885104994015885271e-01 9.669024045261669364e-01 9.607442062887607825e-01
9.886193014905886312e-01 9.670764878685670363e-01 9.608312479599607769e-01
