8.106190838864105741e-01 6.087476879556087406e-01 4.944402132520944182e-01
8.105538026330105783e-01 6.090523338048090540e-01 4.944837340876944709e-01
8.108802089000108904e-01 6.091828963116091566e-01 4.948754216080948898e-01
8.109454901534109972e-01 6.093569796540093675e-01 4.949189424436949425e-01
8.140789903166141261e-01 6.081601566750081123e-01 4.943531715808943683e-01
8.141877924056142302e-01 6.096181046676095727e-01 4.948971820258948884e-01
8.142095528234142288e-01 6.095093025786094687e-01 4.948536611902948357e-01
8.143618757480143300e-01 6.094005004896093647e-01 4.947666195190947858e-01
8.141877924056142302e-01 6.096616255032096809e-01 4.947013382656946789e-01
8.144271570014144368e-01 6.096833859210096795e-01 4.949189424436949425e-01
