3.990550909950932201e+00 4.291141965924307300e+00 3.791044344863899074e+00
4.169738449372590416e+00 4.389466902938043091e+00 4.080288885456487158e+00
4.271167269839295066e+00 4.517945707517645459e+00 4.293799448088483572e+00
4.272031136466027057e+00 4.413122479414835375e+00 4.064135380655254259e+00
4.431501419997188940e+00 4.521832129209116147e+00 4.213214107847084833e+00
4.095933173245292380e+00 4.324960468410717240e+00 4.150067583307671448e+00
4.080774516741767499e+00 4.409615014451128800e+00 4.247707554602314417e+00
4.108849891377077235e+00 4.418683601445771991e+00 4.189719398616366774e+00
4.184031919567261504e+00 4.444562650383150348e+00 4.162811054502468799e+00
4.030699799624563262e+00 4.339430229495551572e+00 4.148971148533264319e+00
