9.367195485046437842e-01 9.246100519930675610e-01 9.184701299086066584e-01
9.422521441585566260e-01 9.342309914233657420e-01 9.309351345746520456e-01
9.385637470559481388e-01 9.307092387681642487e-01 9.273430209305458805e-01
9.347642536550682113e-01 9.290872328134026636e-01 9.265653468426446882e-01
9.458294449628937839e-01 9.375972092609874409e-01 9.312462042098106352e-01
9.440074656712438284e-01 9.367195485046437842e-01 9.305796264201817714e-01
9.427409678709505192e-01 9.349864462516108699e-01 9.309721666740736756e-01
9.360085321957072324e-01 9.308869928453984421e-01 9.273430209305441041e-01
9.350531040305737340e-01 9.271541572234812678e-01 9.219067087351346945e-01
9.408967693196462756e-01 9.327756299160111508e-01 9.271134219141191624e-01
