4.099691073620540749e+00 3.960907287611113770e+00 3.840223763989506267e+00
3.990502454522729003e+00 3.908644186352836059e+00 3.792181019896631256e+00
4.102782146863182433e+00 3.962834586639407686e+00 3.828358787028053101e+00
3.930501488481878969e+00 3.803023253910523760e+00 3.722304350705812226e+00
4.026298519551801292e+00 3.901937926034743764e+00 3.791074560785902658e+00
3.979802742709996455e+00 3.863631665758135103e+00 3.758871123546405624e+00
3.963470659734396939e+00 3.900791961669642482e+00 3.792838893230153996e+00
3.945754931340137883e+00 3.856263037359323853e+00 3.749028962930807118e+00
3.870051718053974632e+00 3.801576670992862450e+00 3.712133620242707988e+00
3.850081697259536195e+00 3.813413589690367811e+00 3.735544162630600074e+00
