1.737288135593220428e-01 2.517985611510791324e-02 1.258653241032095700e-02
1.737288135593220428e-01 2.512562814070351883e-02 1.258653241032095700e-02
1.737288135593220428e-01 2.512562814070351883e-02 1.257861635220125854e-02
1.764705882352941291e-01 2.487562189054726494e-02 1.255492780916509649e-02
1.737288135593220428e-01 2.484031227821149879e-02 1.257071024512885007e-02
1.729957805907172963e-01 2.484031227821149879e-02 1.257861635220125854e-02
1.744680851063829807e-01 2.482269503546099404e-02 1.258653241032095700e-02
1.744680851063829807e-01 2.485795454545454419e-02 1.255492780916509649e-02
1.729957805907172963e-01 2.482269503546099404e-02 1.255492780916509649e-02
1.744680851063829807e-01 2.484031227821149879e-02 1.256281407035175941e-02
