3.214285714285714524e-01 2.076843198338525437e-04 0.000000000000000000e+00
3.333333333333333148e-01 2.077058884619378950e-04 0.000000000000000000e+00
3.103448275862069061e-01 2.077274615704196063e-04 0.000000000000000000e+00
3.333333333333333148e-01 2.077058884619378950e-04 0.000000000000000000e+00
2.999999999999999889e-01 2.077490391606938859e-04 0.000000000000000000e+00
2.999999999999999889e-01 2.076843198338525437e-04 0.000000000000000000e+00
3.103448275862069061e-01 2.077058884619378950e-04 0.000000000000000000e+00
3.103448275862069061e-01 2.077274615704196063e-04 0.000000000000000000e+00
2.999999999999999889e-01 2.077058884619378950e-04 0.000000000000000000e+00
2.903225806451613100e-01 2.077274615704196063e-04 0.000000000000000000e+00
