9.957567185289957212e-01 9.705146338809704787e-01 9.658579044717658935e-01
9.957567185289957212e-01 9.704493526275704829e-01 9.658579044717658935e-01
9.957567185289957212e-01 9.704493526275704829e-01 9.658361440539657838e-01
9.957349581111957226e-01 9.701447067783701694e-01 9.657708628005657880e-01
9.957567185289957212e-01 9.701011859427700612e-01 9.658143836361657852e-01
9.957349581111957226e-01 9.701011859427700612e-01 9.658361440539657838e-01
9.957784789467958309e-01 9.700794255249700626e-01 9.658579044717658935e-01
9.957784789467958309e-01 9.701229463605701708e-01 9.657708628005657880e-01
9.957349581111957226e-01 9.700794255249700626e-01 9.657708628005657880e-01
9.957784789467958309e-01 9.701011859427700612e-01 9.657926232183657866e-01
