9.994937113621829017e-01 7.434448944787891422e-01 6.012577275634193308e-01
9.995203581325943221e-01 7.434715412492005626e-01 6.012843743338307512e-01
9.994670645917714813e-01 7.434981880196119830e-01 6.012044340225964900e-01
9.995203581325943221e-01 7.434715412492005626e-01 6.011777872521850696e-01
9.994404178213600609e-01 7.435248347900234034e-01 6.011777872521850696e-01
9.994404178213600609e-01 7.434448944787891422e-01 6.012310807930079104e-01
9.994670645917714813e-01 7.434715412492005626e-01 6.012843743338307512e-01
9.994670645917714813e-01 7.434981880196119830e-01 6.011777872521850696e-01
9.994404178213600609e-01 7.434715412492005626e-01 6.011777872521850696e-01
9.994137710509486405e-01 7.434981880196119830e-01 6.012044340225964900e-01
