4.545194089939466942e+00 4.640260472780076917e+00 4.418430148619168385e+00
4.562291437793351001e+00 4.620734224020629277e+00 4.352505003975230657e+00
4.425159373259619500e+00 4.507320112451323801e+00 4.320993924972578171e+00
4.147022506512048956e+00 4.247125336713370558e+00 4.142885452930202383e+00
4.415564093793973299e+00 4.413709354173215083e+00 4.260123133658987982e+00
4.127057968327056514e+00 4.189669433207655835e+00 4.280787525647730796e+00
4.199932493058230243e+00 4.042791138676346208e+00 4.249586950869216118e+00
4.327333032760918741e+00 4.232517437499198287e+00 4.355260816581687955e+00
4.398600342019669540e+00 4.048624674868475992e+00 4.422013861636159504e+00
4.434550435094358534e+00 3.835237210441581723e+00 4.353298427360498657e+00
