4.141162808295491438e+00 3.959830848207614107e+00 3.897713972795036508e+00
4.175746306251542528e+00 4.050045949076716667e+00 3.986048297153861775e+00
4.166051493938673467e+00 4.107981725127653583e+00 4.015049269050960490e+00
4.116374844030111113e+00 4.051280889047209399e+00 3.986750112122585676e+00
3.840338980485148657e+00 3.820828348982366229e+00 3.739355582327068550e+00
4.215345560219067700e+00 4.143666624614464666e+00 4.046010244545633405e+00
4.190078109070254797e+00 4.148176900300865277e+00 4.043416711924485263e+00
4.198985038491431787e+00 4.131943850496795356e+00 4.039002652952189187e+00
4.199760432637320129e+00 4.048401791303408714e+00 3.970966593282306611e+00
4.179052888475785821e+00 4.033090180073168440e+00 3.974966207850342492e+00
