1.643835616438356073e-01 1.866475233309404166e-02 9.439899307740718185e-03
1.621621621621621712e-01 1.863799283154122036e-02 9.445843828715366070e-03
1.621621621621621712e-01 1.861130994989262585e-02 9.322560596643878969e-03
1.614349775784753305e-01 1.861130994989262585e-02 9.339975093399750100e-03
1.607142857142857262e-01 1.861130994989262585e-02 9.357454772301933635e-03
1.600000000000000033e-01 1.870503597122302047e-02 9.328358208955223052e-03
1.607142857142857262e-01 1.863799283154122036e-02 9.310986964618250122e-03
1.607142857142857262e-01 1.861130994989262585e-02 9.334163036714374084e-03
1.607142857142857262e-01 1.863799283154122036e-02 9.404388714733542820e-03
1.636363636363636354e-01 1.857142857142857206e-02 9.316770186335403964e-03
