2.592592592592592449e-01 4.144218814753418780e-04 1.336451720681590362e-04
2.592592592592592449e-01 4.142502071251035400e-04 1.336451720681590362e-04
2.692307692307692180e-01 4.142931123770067199e-04 1.336183858898984389e-04
2.592592592592592449e-01 4.142931123770067199e-04 1.336362421488707715e-04
2.592592592592592449e-01 4.142073107590349195e-04 1.336273134228636308e-04
2.692307692307692180e-01 4.142502071251035400e-04 1.336273134228636308e-04
2.500000000000000000e-01 4.142502071251035400e-04 1.336362421488707715e-04
2.500000000000000000e-01 4.142073107590349195e-04 1.336362421488707715e-04
2.592592592592592449e-01 4.142502071251035400e-04 1.336451720681590362e-04
2.592592592592592449e-01 4.142502071251035400e-04 1.336273134228636308e-04
