9.960178435425960375e-01 9.702535088673702734e-01 9.657491023827657894e-01
9.959525622891959307e-01 9.702099880317701652e-01 9.657708628005657880e-01
9.959525622891959307e-01 9.701664671961701680e-01 9.653138940267652623e-01
9.959308018713959321e-01 9.701664671961701680e-01 9.653791752801653692e-01
9.959090414535959335e-01 9.701664671961701680e-01 9.654444565335654760e-01
9.958872810357959349e-01 9.703187901207702692e-01 9.653356544445653720e-01
9.959090414535959335e-01 9.702099880317701652e-01 9.652703731911652651e-01
9.959090414535959335e-01 9.701664671961701680e-01 9.653574148623653706e-01
9.959090414535959335e-01 9.702099880317701652e-01 9.656185398759655758e-01
9.959960831247960389e-01 9.701011859427700612e-01 9.652921336089652637e-01
