9.994669367520456760e-01 7.428502891868120628e-01 6.011887310429382403e-01
9.994669367520456760e-01 7.427436765372211758e-01 6.011887310429382403e-01
9.994935899144433700e-01 7.427703296996188698e-01 6.011087715557450473e-01
9.994669367520456760e-01 7.427703296996188698e-01 6.011620778805405463e-01
9.994669367520456760e-01 7.427170233748233708e-01 6.011354247181428523e-01
9.994935899144433700e-01 7.427436765372211758e-01 6.011354247181428523e-01
9.994402835896478710e-01 7.427436765372211758e-01 6.011620778805405463e-01
9.994402835896478710e-01 7.427170233748233708e-01 6.011620778805405463e-01
9.994669367520456760e-01 7.427436765372211758e-01 6.011887310429382403e-01
9.994669367520456760e-01 7.427436765372211758e-01 6.011354247181428523e-01
