4.337738068614963360e+00 3.887686607977439035e+00 4.041233499186126288e+00
4.268645709030216118e+00 4.251359836327386788e+00 4.255752446832664404e+00
4.598116000096629463e+00 4.853219138127369270e+00 4.541965996208261913e+00
4.345933098981116238e+00 4.548495592212268512e+00 4.378734749386264724e+00
4.356105997696516852e+00 4.507516215120338288e+00 4.388528027433707734e+00
4.123256036926756352e+00 4.452845322980152787e+00 4.237378531641160961e+00
4.211081551370570608e+00 4.406823218642793805e+00 4.208352274499936208e+00
4.384706919747528353e+00 4.722136010035999476e+00 4.193700487502049157e+00
4.113074638112590442e+00 4.446199449086654099e+00 4.160135849698566979e+00
4.417963089425187562e+00 4.747361209636668633e+00 4.218177480404579960e+00
