6.459568970579599714e-04 2.913146614507470221e-04 1.997124141236619320e-04
6.568642312162094321e-04 2.457203702186911516e-04 1.546551190844417051e-04
8.330129437395872912e-04 3.215581790619688658e-04 1.658649859014762042e-04
8.646491519787162820e-04 3.522898842476094748e-04 1.792114695340501791e-04
6.921520604834416291e-04 3.324468085106382898e-04 1.773521326593952203e-04
1.111111111111111110e-03 5.187106335679881382e-04 2.417648836506497477e-04
1.746138347884486136e-03 5.111727763984227164e-04 2.394206021428143779e-04
1.381802721088435390e-03 5.915659596044958593e-04 2.447680822420756426e-04
1.839015419436978256e-03 4.579104021979699276e-04 2.477393781741607905e-04
1.675689610724413487e-03 5.877413937867338213e-04 1.879934828925930597e-04
