4.390312986829060689e-03 2.578186301984082378e-03 1.967998630957474085e-03
4.990558403021310742e-03 3.175683339004196568e-03 1.788352383173936805e-03
4.761904761904762334e-03 3.139899988370740969e-03 2.186588921282798907e-03
4.726018648614127050e-03 2.894511149228130506e-03 2.365141453652324331e-03
5.736137667304015524e-03 3.327787021630615721e-03 2.080443828016643494e-03
7.511737089201877757e-03 3.916272788656313154e-03 2.469690166142793179e-03
1.118255521386636933e-02 4.577407225764263538e-03 2.428868841082581446e-03
7.900454276120877362e-03 4.667632383711572616e-03 2.835051546391752480e-03
1.370332305584104175e-02 6.482982171799027242e-03 4.115226337448560021e-03
1.275510204081632681e-02 5.280657148445140094e-03 3.569110966904607499e-03
