8.470242628658469775e-01 8.063758024154064064e-01 7.461864867805462209e-01
8.394733978892394699e-01 8.087476879556086962e-01 7.206397562833206649e-01
8.362746164726362341e-01 8.134696986182134992e-01 7.616799042541616549e-01
8.304428245022303923e-01 7.976063540419976450e-01 7.613534979871613428e-01
8.528995756718529275e-01 8.175171363290175686e-01 7.494940702861494497e-01
8.849961919268849453e-01 8.394951583070394685e-01 8.066369274290066116e-01
9.230334022413230199e-01 8.675008160156675308e-01 8.123163964748123522e-01
8.906974213904906845e-01 8.654335763246654434e-01 8.316178870634316489e-01
9.373517571537373083e-01 9.066260472201066456e-01 8.841475356326841117e-01
9.326297464911326163e-01 8.893265150690893295e-01 8.663475138722663837e-01
