5.460413999146394026e-01 3.592082799829278694e-01 3.322930004268032644e-01
4.724178403755868727e-01 3.488049509176269769e-01 3.101792573623559646e-01
5.840535638070849522e-01 4.194942381562100087e-01 3.568075117370891891e-01
5.992851045667947352e-01 4.701504481434058969e-01 4.047161758429363987e-01
4.993331199317114777e-01 4.385136577037985761e-01 3.984741784037558743e-01
6.882469056764831672e-01 6.402048655569781976e-01 5.587654716175842751e-01
8.017498932991891092e-01 6.348965002134016045e-01 5.544440887750746727e-01
7.493864703371745373e-01 6.845390524967990276e-01 5.641805377720870984e-01
8.117797695262484181e-01 6.506348698250106199e-01 5.694088775074690467e-01
7.934005548442167877e-01 6.824850618864702900e-01 5.743971404182671714e-01
