4.744550495175873905e+00 4.626928622780878797e+00 4.104375622668557710e+00
4.477379977691028579e+00 4.448653726791136798e+00 3.745253829586326244e+00
4.112201259941857145e+00 4.395680902597116635e+00 4.059978663326188730e+00
4.124800967207908009e+00 4.023960360113188806e+00 3.799014196598670789e+00
4.461359115457391944e+00 4.093266531349463833e+00 3.495950996122827892e+00
4.152845595804643963e+00 3.757778029988125823e+00 3.399794232967893404e+00
3.992345060051585293e+00 3.720202931816454672e+00 3.370224517974621747e+00
3.742036369617283587e+00 3.287631963856953554e+00 3.052975082264791862e+00
3.554465885261412605e+00 3.376506872534729364e+00 3.138540900575214287e+00
3.323281100627547779e+00 3.267913987109275720e+00 3.154788059702721803e+00
