1.176470588235294101e-01 5.882352941176470507e-02 2.941176470588235253e-02
1.176470588235294101e-01 5.882352941176470507e-02 2.941176470588235253e-02
2.941176470588235253e-02 1.470588235294117696e-01 2.941176470588235253e-02
2.941176470588235253e-02 5.882352941176470507e-02 5.882352941176470507e-02
8.823529411764706454e-02 5.882352941176470507e-02 5.882352941176470507e-02
2.941176470588235253e-02 0.000000000000000000e+00 2.941176470588235253e-02
0.000000000000000000e+00 0.000000000000000000e+00 0.000000000000000000e+00
2.941176470588235253e-02 5.882352941176470507e-02 0.000000000000000000e+00
2.941176470588235253e-02 5.882352941176470507e-02 5.882352941176470507e-02
2.941176470588235253e-02 0.000000000000000000e+00 2.941176470588235253e-02
