5.294117647058823595e-01 2.941176470588235392e-01 1.470588235294117696e-01
3.823529411764705621e-01 2.647058823529411797e-01 8.823529411764706454e-02
2.941176470588235392e-01 3.235294117647058987e-01 1.764705882352941291e-01
3.529411764705882582e-01 2.058823529411764608e-01 1.176470588235294101e-01
2.647058823529411797e-01 1.470588235294117696e-01 1.176470588235294101e-01
1.470588235294117696e-01 1.176470588235294101e-01 1.176470588235294101e-01
2.058823529411764608e-01 1.764705882352941291e-01 5.882352941176470507e-02
1.176470588235294101e-01 1.764705882352941291e-01 0.000000000000000000e+00
1.176470588235294101e-01 2.941176470588235253e-02 2.941176470588235253e-02
2.941176470588235253e-02 5.882352941176470507e-02 8.823529411764706454e-02
