9.158089435317158244e-01 8.977913175932977774e-01 8.777717332172777498e-01
9.104123599173103987e-01 9.053857034055053932e-01 8.972255467304972587e-01
9.087803285823087274e-01 9.014253073659014293e-01 8.934609944510935042e-01
8.881514525078881839e-01 8.806005875312805653e-01 8.682841910564682575e-01
8.831465564138831770e-01 8.680448264606680508e-01 8.534653465346534462e-01
8.833641605918833850e-01 8.782069415732781659e-01 8.711783266238711798e-01
8.633663366336633560e-01 8.591012947448590786e-01 8.464367315852464602e-01
8.823849417908823378e-01 8.790120770318790022e-01 8.720705037536721216e-01
8.752040039168752505e-01 8.752475247524752477e-01 8.714394516374713850e-01
8.428462626482428055e-01 8.377325644652376946e-01 8.303340224132302883e-01
