7.013382656947013682e-01 5.497987161353498076e-01 4.303122619954303230e-01
7.361331737569360989e-01 5.481449243825481377e-01 4.333369600696333479e-01
7.303666630399303639e-01 5.541507996953541904e-01 4.534871069524534781e-01
7.135023392449134638e-01 5.455119138287455316e-01 4.404743771080404935e-01
6.073115003808072787e-01 5.404852573169405261e-01 4.446306169078446113e-01
7.270808399521271337e-01 5.393754760091393763e-01 4.256555325862256822e-01
7.165705581547165970e-01 5.162876727233163265e-01 4.173648134044173896e-01
7.094549015341095055e-01 5.209879229681210200e-01 4.185616363834185893e-01
7.240126210423240005e-01 5.318898922859318645e-01 4.295941682080295920e-01
6.726797954520726819e-01 5.330431944293330115e-01 4.276574910238276628e-01
