3.943030499660364452e+00 3.810574598527729506e+00 3.574999874985572035e+00
3.448715567287657713e+00 3.656461523573047767e+00 3.659070387784733480e+00
3.564093286983613051e+00 3.489978432924155438e+00 3.475652625402665397e+00
3.772443944579606967e+00 3.749353330912319926e+00 3.619748622632160018e+00
3.849533697034108304e+00 3.803198081684779908e+00 3.606448970338825166e+00
3.644932074577006631e+00 3.688601112330824439e+00 3.633902318492312045e+00
3.695140604152121533e+00 3.696238528575829907e+00 3.601995167958910393e+00
3.721901117054961183e+00 3.837932619421621450e+00 3.748703638538972260e+00
3.786621837678322056e+00 3.882053265181869772e+00 3.853585915196093836e+00
3.787228282536395874e+00 3.846570834316818122e+00 3.714586967891378766e+00
