9.723148024707817250e-01 9.630604808247789084e-01 9.620717237701688074e-01
9.742256588010487217e-01 9.644491845531706353e-01 9.625679539024464271e-01
9.793583077811847115e-01 9.722703639514731488e-01 9.674561910263813624e-01
9.750255521486024257e-01 9.669932897835844532e-01 9.641825534373248408e-01
9.751588677065280431e-01 9.676043194240767642e-01 9.647380349286813761e-01
9.734924232324578819e-01 9.645713904812691641e-01 9.637603875038948109e-01
9.744256321379372032e-01 9.648380215971203988e-01 9.636641040453924889e-01
9.744478513975913803e-01 9.663711505132649426e-01 9.636048526863129071e-01
9.800471048304670862e-01 9.689263653735057380e-01 9.638122324430861143e-01
9.772252588543749452e-01 9.686708438874817029e-01 9.638714838021653630e-01
