2.639223463407977199e+00 3.162304827395501672e+00 3.002933578572025031e+00
2.640435049423367708e+00 3.178556340135207048e+00 2.980619358110639716e+00
2.682672318055179694e+00 3.198413707240802317e+00 3.040913682115776506e+00
2.636460751649627454e+00 3.173390977783855593e+00 3.000292057078069341e+00
2.643382580919789948e+00 3.132824303494126994e+00 2.979020830576209367e+00
2.645108158370484297e+00 3.172562938889210926e+00 3.011074741901686558e+00
2.603392238543586590e+00 3.059977187417030731e+00 2.948180655529843541e+00
2.455593373966231674e+00 2.989562178601280706e+00 2.916373133052857280e+00
2.450515659634514343e+00 2.978212519748875575e+00 2.900591683249116759e+00
2.494280683908981722e+00 3.031274722598638505e+00 2.931875422053293434e+00
