7.209302325581394832e-01 2.790697674418604612e-01 1.627906976744186163e-01
7.441860465116278966e-01 3.488372093023255904e-01 6.976744186046511531e-02
7.441860465116278966e-01 3.488372093023255904e-01 9.302325581395348708e-02
7.906976744186046124e-01 3.023255813953488191e-01 9.302325581395348708e-02
8.139534883720930258e-01 3.720930232558139483e-01 9.302325581395348708e-02
8.139534883720930258e-01 3.720930232558139483e-01 1.395348837209302306e-01
8.139534883720930258e-01 3.720930232558139483e-01 1.860465116279069742e-01
8.604651162790697416e-01 3.488372093023255904e-01 1.395348837209302306e-01
8.139534883720930258e-01 3.953488372093023062e-01 1.860465116279069742e-01
8.604651162790697416e-01 3.953488372093023062e-01 2.325581395348837177e-01
