2.325581395348837177e-02 0.000000000000000000e+00 0.000000000000000000e+00
2.325581395348837177e-02 0.000000000000000000e+00 0.000000000000000000e+00
2.325581395348837177e-02 0.000000000000000000e+00 0.000000000000000000e+00
2.325581395348837177e-02 0.000000000000000000e+00 0.000000000000000000e+00
2.325581395348837177e-02 0.000000000000000000e+00 0.000000000000000000e+00
2.325581395348837177e-02 0.000000000000000000e+00 0.000000000000000000e+00
2.325581395348837177e-02 0.000000000000000000e+00 0.000000000000000000e+00
2.325581395348837177e-02 0.000000000000000000e+00 0.000000000000000000e+00
2.325581395348837177e-02 0.000000000000000000e+00 0.000000000000000000e+00
2.325581395348837177e-02 0.000000000000000000e+00 0.000000000000000000e+00
