3.511992330239360083e+00 3.532083422050563026e+00 3.344359050224303687e+00
3.720155520223836554e+00 3.526834628858194431e+00 3.582730617667367667e+00
3.602921539063144607e+00 3.780497989646110835e+00 3.832238677394943949e+00
3.517139543251273981e+00 3.532069779784061669e+00 3.543528228690026705e+00
3.681624352764299335e+00 3.762063411343221642e+00 3.969895136447264328e+00
3.644439582821486390e+00 3.971942696295324371e+00 3.874567536984534932e+00
3.456281739985800794e+00 3.668195408885343678e+00 3.431731247186827982e+00
3.724985225536586508e+00 3.640768757863609206e+00 3.783448410577148202e+00
3.690298703355689547e+00 3.721748677477500600e+00 3.725950046699453733e+00
3.814035896184091001e+00 3.745268859150469698e+00 3.693250005416273130e+00
