1.250000000000000000e-01 2.083333333333333218e-02 0.000000000000000000e+00
1.458333333333333426e-01 0.000000000000000000e+00 0.000000000000000000e+00
1.458333333333333426e-01 0.000000000000000000e+00 0.000000000000000000e+00
1.458333333333333426e-01 0.000000000000000000e+00 0.000000000000000000e+00
1.458333333333333426e-01 0.000000000000000000e+00 0.000000000000000000e+00
1.666666666666666574e-01 0.000000000000000000e+00 0.000000000000000000e+00
1.666666666666666574e-01 0.000000000000000000e+00 0.000000000000000000e+00
1.458333333333333426e-01 0.000000000000000000e+00 0.000000000000000000e+00
1.458333333333333426e-01 0.000000000000000000e+00 0.000000000000000000e+00
1.458333333333333426e-01 0.000000000000000000e+00 0.000000000000000000e+00
