9.663366336633663067e-01 9.226852355565227093e-01 8.914155151778914155e-01
9.717114568599717339e-01 9.429659449461429421e-01 9.267326732673267786e-01
9.761723425089762207e-01 9.434664345555434650e-01 9.209444021325209340e-01
9.825263845065824730e-01 9.573713415297573359e-01 9.429659449461429421e-01
9.853552388205853996e-01 9.628984876509628643e-01 9.551300184963551487e-01
9.818518115547818503e-01 9.670329670329670391e-01 9.541943205309542098e-01
9.796757697747796589e-01 9.699488630181699600e-01 9.567838102491568186e-01
9.821564574039821638e-01 9.672288107931672485e-01 9.570666956805570225e-01
9.775650092481775744e-01 9.717114568599717339e-01 9.566967685779567132e-01
9.787835926449788282e-01 9.702535088673702734e-01 9.576107061255576536e-01
