6.382112936568382633e-01 5.082798389729082933e-01 3.941246871939941276e-01
7.382439342835382945e-01 5.366771842019366634e-01 4.274398868458274547e-01
7.854422804917854384e-01 5.484495702317484511e-01 4.310085953650309998e-01
8.014144271570013967e-01 5.836144053965836020e-01 4.729191600478729329e-01
8.008921771298008752e-01 6.001305625068000804e-01 4.849744315090849800e-01
8.047437710804047351e-01 6.030464584920030013e-01 4.886519421172886291e-01
8.084865629420084909e-01 6.043085627244043634e-01 4.905886193014906138e-01
8.032423022522032774e-01 6.034599064302034188e-01 4.897182025894897262e-01
8.090088129692090124e-01 6.047437710804047795e-01 4.912631922532912365e-01
8.038515939506039043e-01 6.050048960940049847e-01 4.915678381024915500e-01
