3.200117316006749313e+00 3.166810207312444891e+00 3.253836315044636773e+00
3.475334326708536370e+00 3.383659709428051166e+00 3.332939982332168594e+00
3.592159730669672424e+00 3.331991136941418130e+00 3.274375068835004399e+00
3.545751587429310625e+00 3.374647307062386137e+00 3.353375119765793944e+00
3.400171529488811295e+00 3.568296365066884857e+00 3.595768528007599496e+00
3.340978219598730536e+00 3.546520822232416936e+00 3.469965137227338570e+00
3.461341331795886767e+00 3.503365173743062222e+00 3.553641206839745603e+00
3.454840067827148697e+00 3.472002682495078929e+00 3.323869959814133690e+00
3.639629715071848626e+00 3.757624642140074300e+00 3.667074100978435336e+00
3.698332874117626456e+00 3.750286106366940597e+00 3.686557176806756875e+00
