9.741367817624316805e-01 9.633715504599387192e-01 9.578278451762032297e-01
9.757587877171932655e-01 9.647047060391947815e-01 9.593831933520021726e-01
9.734257654534951287e-01 9.631271386037417725e-01 9.582500111096343698e-01
9.766253388437097227e-01 9.663822601430920312e-01 9.615606807981201820e-01
9.793138692618762464e-01 9.695818335333066251e-01 9.642343983765170323e-01
9.798026929742701396e-01 9.700817668755277179e-01 9.648787569064908309e-01
9.808692174376749673e-01 9.715260187530551095e-01 9.667081426180269554e-01
9.754477180820334548e-01 9.682264586943962748e-01 9.629234620569153691e-01
9.728036261831756182e-01 9.687041727769630794e-01 9.643306818350179110e-01
9.820246189396969472e-01 9.726258721059414247e-01 9.677820735013160647e-01
