3.322865703070134735e+00 3.347605201800080810e+00 3.389599881296757822e+00
3.616089316072389259e+00 3.613553297057086056e+00 3.607316679232083434e+00
3.993720000821129990e+00 3.932266761822665213e+00 3.898389981018043571e+00
3.837887477388941537e+00 3.739688662712121303e+00 3.704177522677982282e+00
3.904995746288763669e+00 3.854797473911094841e+00 3.806192134789359027e+00
3.918495043514834020e+00 3.883813020951128347e+00 3.809421028852349789e+00
3.708554556819732007e+00 3.680044791080728572e+00 3.632550255292279040e+00
4.279756142063722457e+00 4.223217769614303840e+00 4.143692755262921246e+00
4.056366246517005614e+00 4.062534968326541929e+00 4.000779842234273964e+00
4.020565973621877731e+00 4.036756307902452434e+00 3.964992194168897921e+00
