1.244296972210701038e-03 1.627736632212908017e-04 1.121956692471670625e-04
1.230264506868976922e-03 1.631587534671235173e-04 1.141226818830242502e-04
2.007360321177651449e-03 1.802288906911777915e-04 1.219066195294404522e-04
3.097893432465923316e-03 1.866019779809666070e-04 1.259763164525069411e-04
1.909125620465826735e-03 1.745962461807071199e-04 1.824484583105272640e-04
3.714020427112349129e-03 2.770594754340598696e-04 1.840603718019510394e-04
1.006373700100637262e-03 1.728757887457861467e-04 1.221001221001221000e-04
6.801564359802754391e-04 1.803263907672888013e-04 1.159084323384526247e-04
3.280839895013123314e-03 2.960623704727129309e-04 1.308557969118031824e-04
4.694835680751173815e-03 1.914425193835550998e-04 1.272750413643884400e-04
