1.763046544428772955e-02 4.563605248146035062e-03 1.507442999811569586e-03
1.797603195739014628e-02 4.799999999999999580e-03 1.456133964324717815e-03
2.614379084967320341e-02 6.076718571971135435e-03 1.790281329923273717e-03
2.106969205834683875e-02 7.033997655334115265e-03 1.709888857224280394e-03
2.173913043478260809e-02 7.601351351351351773e-03 1.837109614206981030e-03
1.835535976505139541e-02 6.885378695828270161e-03 2.536461636017755227e-03
1.963746223564954638e-02 7.444168734491315130e-03 2.941176470588235253e-03
1.605231866825208159e-02 6.175221922037823531e-03 1.932367149758454057e-03
1.937406855439642236e-02 7.243460764587525413e-03 2.653399668325041438e-03
1.433691756272401432e-02 6.289308176100629269e-03 2.071108042802899570e-03
