9.696877380045696437e-01 9.240561418779240643e-01 8.846915460776847429e-01
9.679033837449678712e-01 9.187901207703187412e-01 8.806223479490806749e-01
9.773038842345772581e-01 9.430529866173430475e-01 9.150690893265150949e-01
9.737134152975737145e-01 9.447067783701447174e-01 9.237732564465237495e-01
9.755195299749754856e-01 9.488630181699488908e-01 9.290610379719290712e-01
9.709063214013708976e-01 9.466434555543465912e-01 9.315417256011315761e-01
9.717549776955717311e-01 9.477749972799477396e-01 9.336089652921336635e-01
9.639865085409640155e-01 9.439669241649439879e-01 9.325644652377325095e-01
9.713632901751713122e-01 9.463170492873462791e-01 9.345664236753346010e-01
9.640953106299641195e-01 9.449896638015450323e-01 9.370906321401371031e-01
