8.715630583780035190e-01 6.723737899031922982e-01 5.246553057577939549e-01
8.700962743686161405e-01 6.731471851081419766e-01 5.326826146091687697e-01
9.204469690908606561e-01 7.041096621063018812e-01 5.625250020001599793e-01
9.570899005253753478e-01 7.142171373709896853e-01 5.766594660906205760e-01
9.302877563538416439e-01 6.945622316451982581e-01 5.615649251940155740e-01
9.713843774168600120e-01 7.113102381523854767e-01 5.654052324185935285e-01
8.411606261834280174e-01 6.915219884257407523e-01 5.632183908045976795e-01
8.432674613969117772e-01 7.042696749073259488e-01 5.398831906552523652e-01
9.594900925407365833e-01 7.298450542710083200e-01 5.924473957916632783e-01
9.717310718190788066e-01 7.214443822172440512e-01 5.809909861859299252e-01
