4.134414251956516573e+00 3.846823951621735738e+00 3.478129005561767073e+00
3.861904386666822120e+00 3.455870942552476066e+00 3.545738029321594986e+00
4.109488462887282978e+00 3.960105556373812341e+00 3.446757512181892302e+00
3.836607132925655694e+00 3.763646936135058407e+00 3.518124735457415664e+00
4.031283059389830115e+00 3.697243420693061111e+00 3.471847801211651596e+00
3.687250138522370602e+00 3.681590893132297371e+00 3.718311409167721848e+00
4.000177762194829789e+00 3.872945686458777015e+00 3.870403445842867995e+00
3.998505282485161239e+00 3.895922012396146439e+00 3.910881432115006717e+00
3.699344646491490529e+00 3.693103173355213098e+00 3.584665920816248796e+00
3.572393139798884842e+00 3.620914412009426098e+00 3.437609702773886777e+00
