1.842105263157894635e-01 3.134141245298787911e-04 6.716818914562063881e-05
1.842105263157894635e-01 3.134468707554069543e-04 1.343724805159903131e-04
1.842105263157894635e-01 3.133486526007937941e-04 1.343454020286155733e-04
1.842105263157894635e-01 3.134468707554069543e-04 1.343273557660017582e-04
1.842105263157894635e-01 3.133813851457223354e-04 1.343273557660017582e-04
1.794871794871794879e-01 3.134796238244514309e-04 1.343363782912412776e-04
1.842105263157894635e-01 3.133486526007937941e-04 1.343634531407457118e-04
1.842105263157894635e-01 3.133486526007937941e-04 1.343634531407457118e-04
1.842105263157894635e-01 3.133486526007937941e-04 1.343273557660017582e-04
1.842105263157894635e-01 3.133486526007937941e-04 1.343454020286155733e-04
