1.807692307692307654e-01 2.779864763335837888e-02 1.855406269993602197e-02
1.787072243346007616e-01 2.759134973900074714e-02 1.867353509336767622e-02
1.807692307692307654e-01 2.786144578313252962e-02 1.851851851851851749e-02
1.800766283524904143e-01 2.757078986587183436e-02 1.848311026131293708e-02
1.865079365079365115e-01 2.786144578313252962e-02 1.861360718870346681e-02
1.807692307692307654e-01 2.752976190476190410e-02 1.848311026131293708e-02
1.807692307692307654e-01 2.786144578313252962e-02 1.845957988542329745e-02
1.807692307692307654e-01 2.744807121661721125e-02 1.855406269993602197e-02
1.814671814671814654e-01 2.757078986587183436e-02 1.850670070197830280e-02
1.780303030303030387e-01 2.773613193403298358e-02 1.848311026131293708e-02
