9.953650310085954134e-01 9.718420193667718365e-01 9.666195190947666216e-01
9.952997497551953066e-01 9.716244151887716285e-01 9.668371232727668296e-01
9.953650310085954134e-01 9.719073006201719434e-01 9.665542378413665148e-01
9.953432705907953038e-01 9.716026547709716299e-01 9.664889565879665190e-01
9.955391143509955132e-01 9.719073006201719434e-01 9.667283211837667256e-01
9.953650310085954134e-01 9.715591339353715217e-01 9.664889565879665190e-01
9.953650310085954134e-01 9.719073006201719434e-01 9.664454357523664108e-01
9.953650310085954134e-01 9.714720922641715273e-01 9.666195190947666216e-01
9.953867914263954120e-01 9.716026547709716299e-01 9.665324774235665162e-01
9.952779893373953080e-01 9.717767381133717297e-01 9.664889565879665190e-01
