9.991738180267576430e-01 7.449762805820585587e-01 6.032460956239006356e-01
9.991738180267576430e-01 7.450029316134534341e-01 6.033793507808752343e-01
9.991738180267576430e-01 7.449229785192686970e-01 6.032993976866904973e-01
9.991738180267576430e-01 7.450029316134534341e-01 6.032460956239006356e-01
9.991738180267576430e-01 7.449496295506635724e-01 6.032460956239006356e-01
9.991471669953627677e-01 7.450295826448483094e-01 6.032727466552955109e-01
9.991738180267576430e-01 7.449229785192686970e-01 6.033526997494803590e-01
9.991738180267576430e-01 7.449229785192686970e-01 6.033526997494803590e-01
9.991738180267576430e-01 7.449229785192686970e-01 6.032460956239006356e-01
9.991738180267576430e-01 7.449229785192686970e-01 6.032993976866904973e-01
