3.977610129883823564e+00 3.501367436610107742e+00 3.544737133845578203e+00
3.747763186102875732e+00 3.758809090299482403e+00 3.598299999607580624e+00
3.870961551029717729e+00 3.719418433778656663e+00 3.782521159690278356e+00
4.351253609111213727e+00 4.196872629437862656e+00 4.025676873531169875e+00
4.540242616708145107e+00 4.410565228956231820e+00 3.845945647125839084e+00
4.434714473574292271e+00 4.552484763633940723e+00 4.306235666524936612e+00
4.576446077061365969e+00 4.188859099087771654e+00 4.155188840793523575e+00
4.391579718451998460e+00 4.706665626350453380e+00 4.163191050334720700e+00
4.512078443898077218e+00 4.433993614736338351e+00 3.950042005590439942e+00
4.582228042016402547e+00 4.373717768469762568e+00 3.966055140533065071e+00
