6.997900629811056213e-04 3.041478158384975077e-04 1.414727311310744824e-04
6.873711179153908736e-04 2.761014475604464994e-04 1.902442736473632090e-04
7.867257903018166649e-04 3.934684241589612172e-04 2.032685584193836973e-04
7.349011223944415224e-04 4.461049461885908669e-04 2.355046865432622229e-04
1.170389154393836019e-03 4.953297480894423626e-04 2.475370067825139885e-04
1.342732460557233970e-03 4.546044940901415761e-04 2.639636785978249391e-04
1.301095088366041423e-03 5.032350826743350316e-04 2.604302307411844315e-04
2.316602316602316483e-03 5.490626715820848746e-04 2.826455624646692839e-04
2.103049421661408978e-03 5.516589171723540247e-04 2.886502713312550403e-04
2.772643253234750426e-03 5.459366713461238875e-04 2.908498633005642616e-04
