5.668016194331984212e-03 1.665026867478997929e-03 7.069863101741756745e-04
6.318006318006317602e-03 1.850709438618136898e-03 1.085462045010492874e-03
7.495069033530571585e-03 2.526847757422615113e-03 1.185677021579321878e-03
7.099945385035499879e-03 2.716776092370387120e-03 1.382743362831858388e-03
7.585814526834818577e-03 2.992220227408737103e-03 1.178153664899436216e-03
8.977446901686008882e-03 3.479471120389700852e-03 1.246165644171779103e-03
1.379078372014799943e-02 4.528165187466039014e-03 1.387999145846679572e-03
1.698513800424628420e-02 5.686789151356080700e-03 1.547803309917847401e-03
1.066098081023454137e-02 4.908698213233850249e-03 2.080332853256520835e-03
1.378834884522578408e-02 4.857316332726169077e-03 1.767044617876601395e-03
