8.663910347078663809e-01 7.129583287999129437e-01 6.616690240452616223e-01
8.767925144162768136e-01 7.535415079969535190e-01 6.996191926884995915e-01
8.905015776302904751e-01 7.938418017625938905e-01 7.250353606789250449e-01
8.813186813186812962e-01 8.082907191818082815e-01 7.642693939723642638e-01
8.861277336524860937e-01 8.187357197258187114e-01 7.417256011315417341e-01
9.015123490371015347e-01 8.441954085518441619e-01 7.732782069415732318e-01
9.361984550103361613e-01 8.804047437710803559e-01 7.964748123163964966e-01
9.496246327929496189e-01 9.010771406811011186e-01 8.175171363290175686e-01
9.192253291263192683e-01 8.897182025894897484e-01 8.643020345990642950e-01
9.377434446741377272e-01 8.930040256772929785e-01 8.524861277336525101e-01
