5.810641418855847506e-01 2.987064941992265688e-01 2.460328043739165305e-01
5.734897986398186376e-01 3.240165355380717482e-01 2.991865582077610219e-01
6.273903187091611766e-01 4.579543939191892399e-01 3.440992132284304561e-01
6.010934791305507785e-01 5.219362581677556845e-01 4.338978530470729567e-01
7.268702493665821773e-01 6.232831044139218735e-01 4.614215228697159388e-01
7.619682624349913835e-01 5.895186024803307223e-01 4.949459927990398911e-01
7.543405787438325349e-01 6.292038938525136293e-01 4.880917455660754856e-01
8.621682891052140363e-01 6.601680224029871091e-01 5.283371116148819491e-01
8.481397519669289231e-01 6.617682357647686198e-01 5.381517535671422880e-01
8.848913188425123755e-01 6.582210961461528731e-01 5.416455527403654102e-01
