4.924295014929063186e+00 3.930521528554553612e+00 3.604130060399679980e+00
4.983151249753523970e+00 4.276370470403644042e+00 3.927997873478780821e+00
5.059622589148205840e+00 4.425206826124330028e+00 3.859700540430778037e+00
4.844131119049998269e+00 4.461981249491029367e+00 4.068529509416421774e+00
4.852251084465189379e+00 4.273661282575309528e+00 3.782328301551389327e+00
4.444006540040946973e+00 4.107841844578950408e+00 3.686930666331099449e+00
4.748977510109797073e+00 4.383426723949480852e+00 3.872654494734628194e+00
4.627797697588411197e+00 4.334956116010070915e+00 3.882649244307389225e+00
4.355820204757644198e+00 4.237924084576165207e+00 3.884107151936631475e+00
4.248722390683400185e+00 3.648089344896698893e+00 3.316835128102551877e+00
