6.875000000000000000e-01 5.000000000000000000e-01 3.125000000000000000e-01
6.875000000000000000e-01 5.000000000000000000e-01 3.333333333333333148e-01
6.875000000000000000e-01 5.208333333333333703e-01 3.333333333333333148e-01
6.875000000000000000e-01 5.208333333333333703e-01 3.125000000000000000e-01
6.875000000000000000e-01 5.000000000000000000e-01 3.125000000000000000e-01
6.875000000000000000e-01 5.416666666666666297e-01 3.125000000000000000e-01
6.666666666666666297e-01 5.208333333333333703e-01 2.916666666666666852e-01
6.875000000000000000e-01 5.000000000000000000e-01 2.708333333333333148e-01
6.875000000000000000e-01 5.416666666666666297e-01 3.333333333333333148e-01
6.875000000000000000e-01 5.208333333333333703e-01 3.125000000000000000e-01
