1.250000000000000000e-01 8.333333333333332871e-02 8.333333333333332871e-02
1.458333333333333426e-01 8.333333333333332871e-02 6.250000000000000000e-02
1.458333333333333426e-01 8.333333333333332871e-02 6.250000000000000000e-02
1.458333333333333426e-01 8.333333333333332871e-02 6.250000000000000000e-02
1.458333333333333426e-01 8.333333333333332871e-02 6.250000000000000000e-02
1.458333333333333426e-01 8.333333333333332871e-02 6.250000000000000000e-02
1.458333333333333426e-01 8.333333333333332871e-02 6.250000000000000000e-02
1.458333333333333426e-01 8.333333333333332871e-02 6.250000000000000000e-02
1.458333333333333426e-01 8.333333333333332871e-02 6.250000000000000000e-02
1.458333333333333426e-01 8.333333333333332871e-02 6.250000000000000000e-02
