9.734958111195735064e-01 9.672940920465672443e-01 9.608747687955608852e-01
9.738439778043738171e-01 9.679033837449678712e-01 9.610270917201609864e-01
9.734958111195735064e-01 9.674028941355673483e-01 9.610706125557610946e-01
9.735393319551735036e-01 9.678381024915678754e-01 9.609618104667609906e-01
9.735610923729736133e-01 9.675116962245675634e-01 9.613534979871612984e-01
9.738657382221738157e-01 9.682080295941681847e-01 9.610706125557610946e-01
9.746273528451746548e-01 9.675334566423675620e-01 9.609835708845609892e-01
9.735610923729736133e-01 9.677075399847676618e-01 9.611358938091610904e-01
9.735610923729736133e-01 9.675116962245675634e-01 9.610923729735610932e-01
9.735828527907736119e-01 9.675552170601675606e-01 9.610488521379610960e-01
