8.152975737134152689e-01 6.119247089544119778e-01 4.961157654226961422e-01
8.154498966380154812e-01 6.119247089544119778e-01 4.960940050048960881e-01
8.156022195626155824e-01 6.118811881188118695e-01 4.959634424980959855e-01
8.155586987270155852e-01 6.119247089544119778e-01 4.960504841692960354e-01
8.154498966380154812e-01 6.119247089544119778e-01 4.960940050048960881e-01
8.154934174736154784e-01 6.119029485366118681e-01 4.960287237514960368e-01
8.155586987270155852e-01 6.119682297900119750e-01 4.960287237514960368e-01
8.155804591448155838e-01 6.119899902078119736e-01 4.960504841692960354e-01
8.156239799804155810e-01 6.119464693722119764e-01 4.960940050048960881e-01
8.154934174736154784e-01 6.119029485366118681e-01 4.960069633336959827e-01
