3.552930126447543913e+00 3.546165050698996346e+00 3.954757151647505964e+00
3.686123741181333013e+00 3.546207815439875510e+00 3.262623251181466344e+00
3.721522203514762595e+00 3.510471624009877001e+00 3.662602021359019133e+00
3.643556430612193253e+00 3.511345814964183187e+00 3.112341796594592314e+00
3.779638219826442658e+00 3.798166669949243346e+00 3.767412196711582784e+00
3.834591638946301728e+00 3.870444460537788345e+00 3.324775195101483227e+00
3.872983024151383180e+00 3.612836853308147855e+00 3.415507489088156934e+00
3.732326316818328937e+00 3.974850016596574775e+00 3.982867700853120585e+00
3.992974481651156982e+00 4.061621910922901257e+00 3.861223251299270132e+00
3.913291581118321982e+00 3.861226776111172931e+00 3.688333770080123308e+00
