8.965517241379310220e-02 3.086419753086419690e-04 1.335113484646194943e-04
6.341463414634146423e-02 3.069681776322521344e-04 1.329168605037549071e-04
9.701492537313433084e-02 3.056546102903718795e-04 1.335559265442404111e-04
9.090909090909091161e-02 3.058103975535168004e-04 1.301659616010413184e-04
7.738095238095238360e-02 3.077238691147809926e-04 1.340572424425229606e-04
6.500000000000000222e-02 3.082930839584831890e-04 1.337434800053497277e-04
7.222222222222221544e-02 3.082614056720098684e-04 1.334311828674361090e-04
8.552631578947368640e-02 3.077238691147809926e-04 1.338329764453961531e-04
9.285714285714286031e-02 3.073455588566745256e-04 1.335648457326031689e-04
9.027777777777777624e-02 3.075345976422347327e-04 1.314492277357870507e-04
