7.089552238805969797e-02 1.624431448992852411e-02 9.719222462203023702e-03
7.063197026022305369e-02 1.638269986893840097e-02 9.304871373836891280e-03
7.014388489208632504e-02 1.499348109517601065e-02 1.034858387799564294e-02
6.801470588235293546e-02 1.641497045305318619e-02 9.841443411700382185e-03
7.103825136612021418e-02 1.509186351706036724e-02 9.356081452944413346e-03
6.830122591943957322e-02 1.560468140442132674e-02 9.814612868047982788e-03
7.208872458410350847e-02 1.576872536136662145e-02 9.895547003848268255e-03
7.037037037037037479e-02 1.654533421575115834e-02 9.911894273127754007e-03
7.235621521335806883e-02 1.571709233791748414e-02 9.917355371900827068e-03
7.103825136612021418e-02 1.573770491803278687e-02 9.895547003848268255e-03
