9.891633119355891512e-01 9.670547274507670377e-01 9.600913937547600474e-01
9.891197910999891540e-01 9.673376128821673525e-01 9.606136437819605689e-01
9.887498639973887338e-01 9.671200087041671445e-01 9.604613208573604677e-01
9.889674681753889418e-01 9.674028941355673483e-01 9.605918833641605703e-01
9.889021869219889460e-01 9.673376128821673525e-01 9.608312479599607769e-01
9.884234577303884217e-01 9.670547274507670377e-01 9.604830812751604663e-01
9.890762702643890458e-01 9.674028941355673483e-01 9.608094875421607783e-01
9.890762702643890458e-01 9.676640191491676646e-01 9.608747687955608852e-01
9.891197910999891540e-01 9.672940920465672443e-01 9.608965292133608838e-01
9.889021869219889460e-01 9.673376128821673525e-01 9.608094875421607783e-01
