9.964943963456737164e-01 7.419329137120548312e-01 6.023047103180925177e-01
9.949039176133347429e-01 7.408762995968597442e-01 6.016679904686258462e-01
9.967865299835342308e-01 7.396726008861531643e-01 6.029961553758451664e-01
9.965478782728769414e-01 7.398052585497864042e-01 5.967504855897947103e-01
9.958841180063198184e-01 7.412039618683449183e-01 6.038191862318070813e-01
9.950347830704688867e-01 7.417230850922607033e-01 6.033005226711947167e-01
9.955655868295273381e-01 7.417513869349401379e-01 6.025195597400875291e-01
9.963093752489180499e-01 7.411902169583344246e-01 6.032289758092355125e-01
9.966279008018692487e-01 7.408990733119141803e-01 6.026433822553677322e-01
9.965224316432174101e-01 7.413879975602640782e-01 5.983260284099910509e-01
