3.433398266669875021e+00 3.675891902834587555e+00 3.501150859854535558e+00
3.619218494741759162e+00 3.902880177827658059e+00 3.682150015479301430e+00
3.700200596918647555e+00 4.082946625797348794e+00 3.847113840255310890e+00
3.667292721010084744e+00 3.814584440696560552e+00 3.840223597401402067e+00
3.996758103269783646e+00 3.949225368261651159e+00 3.876535867370021649e+00
3.958848860960699323e+00 4.011071694315005765e+00 3.870769393601627417e+00
3.973330986314846935e+00 4.053291577208885776e+00 3.855481196776065822e+00
3.939512263363360134e+00 4.017616326233696356e+00 3.877108010283217165e+00
3.944669599876131638e+00 4.072647373116648595e+00 3.790054264308826415e+00
3.893211247528627350e+00 4.022700001247046409e+00 3.914011953103731845e+00
