9.435742592942064156e-04 1.948304974672035287e-04 4.873294346978557370e-05
9.266123054114158274e-04 6.032980292264378350e-04 1.432459533018192268e-04
1.482579688658265324e-03 5.182881682215312097e-04 1.054463014709759023e-04
1.336898395721925056e-03 2.823263692828910029e-04 1.023593837965095475e-04
1.742988432894945370e-03 5.931700703330226778e-04 1.161777519604995600e-04
2.352941176470588029e-03 5.569996286669141785e-04 1.211093617536635597e-04
2.264578222306095571e-03 7.513712525358779782e-04 1.705126747754916368e-04
4.317789291882556148e-03 8.614913372259979220e-04 2.524296352391771020e-04
6.218905472636816235e-03 5.967180507210343484e-04 2.582477887533087837e-04
3.673354054817745164e-03 8.308714918759231918e-04 2.445137233327220288e-04
