7.812500000000000000e-03 3.425724073497352952e-03 1.106561912138984182e-03
1.031223145230593038e-02 4.979432777657501544e-03 1.824579695034536653e-03
1.384615384615384658e-02 7.411982705373687530e-03 2.384008802494039930e-03
1.549053356282271976e-02 6.002087682672233547e-03 2.188582892577056217e-03
1.498457470251212016e-02 9.039548022598870372e-03 3.544303797468354323e-03
2.062463170300530418e-02 1.045454545454545421e-02 3.917179630665920329e-03
1.991150442477876079e-02 1.018409714061887898e-02 3.781611912077523143e-03
2.757078986587183436e-02 1.494189263973436620e-02 5.904059040590405733e-03
2.036199095022624486e-02 1.168770453482935977e-02 5.110732538330493673e-03
2.376103190767141909e-02 1.225490196078431356e-02 3.889789303079416432e-03
