9.032749428789033086e-01 8.607333260798607499e-01 8.035687085192035894e-01
9.248177565009247925e-01 8.999891197910999674e-01 8.333369600696333146e-01
9.442062887607441946e-01 9.300620171907301170e-01 8.816233271678816097e-01
9.502121640735502472e-01 9.171145685997170727e-01 8.809487542160809870e-01
9.513654662169513943e-01 9.427483407681427341e-01 9.143509955391143640e-01
9.638341856163638033e-01 9.526275704493526453e-01 9.225329126319224970e-01
9.614405396583614039e-01 9.450114242193450309e-01 9.082798389729083155e-01
9.716026547709716299e-01 9.612664563159613040e-01 9.413774344467413790e-01
9.623109563703623470e-01 9.539984767707540003e-01 9.364595800239364776e-01
9.687085192035687076e-01 9.561527581329561931e-01 9.331302361005331392e-01
