7.176759192597925718e-01 5.895104522184300144e-01 4.528704370317041539e-01
7.125029997600191844e-01 6.024584699890674910e-01 4.416446684265258882e-01
7.844972402207823770e-01 6.400554622296883434e-01 4.943071220968989210e-01
7.808975281977441618e-01 6.223235474495373287e-01 4.790550089326187089e-01
8.320134389248859952e-01 6.855184918539850569e-01 5.410233847958829667e-01
8.530250913260272183e-01 7.129296322960829713e-01 5.597269624573378843e-01
8.590246113644242065e-01 6.453883689304855675e-01 5.309441911313761420e-01
9.385132252559726940e-01 7.216830204778157398e-01 5.775804602298483248e-01
9.573900754606298191e-01 7.320481028184412375e-01 5.870996986907713877e-01
9.059808548649441740e-01 7.114097538863557446e-01 5.639015545423032849e-01
