4.857039800778490957e+00 4.059356230592319648e+00 3.754270340713055987e+00
4.932104559412146649e+00 4.269062422486971542e+00 3.681838151239701595e+00
4.874413609678346582e+00 4.461776119437404375e+00 4.016867681394675316e+00
4.860229364584533585e+00 4.265477500276217526e+00 3.964587434472461869e+00
4.784406379319079861e+00 4.499782387111368465e+00 4.184371224051337990e+00
4.698177450754551288e+00 4.211751769731054473e+00 3.900072153847186751e+00
4.696220802432246266e+00 4.218605534155007497e+00 3.993562616426648226e+00
4.453355309100468062e+00 4.299716301335157809e+00 3.932346560193324070e+00
4.211934003567631812e+00 4.164872123256538217e+00 3.817302050842786176e+00
4.420362361403748608e+00 4.236953076303264787e+00 4.004896687056516136e+00
