9.717148824601163914e-01 9.627716304492733856e-01 9.577093424580449543e-01
9.690485713016042668e-01 9.645825001110962527e-01 9.609755736272237447e-01
9.783584410967426370e-01 9.712260587477224982e-01 9.663526344635563481e-01
9.745367284362085325e-01 9.675487712749410996e-01 9.625605474825580377e-01
9.669821801537572536e-01 9.669599608941029656e-01 9.641825534373206219e-01
9.770475047771408628e-01 9.692374350086655488e-01 9.637529810840053113e-01
9.682708972137048509e-01 9.657490112429454321e-01 9.622420714275162767e-01
9.626938630404835440e-01 9.619384082122384161e-01 9.613384882015751920e-01
9.693152024174555015e-01 9.649268986357374400e-01 9.612273919033024194e-01
9.688930364840243614e-01 9.647602541883304461e-01 9.626049860018660587e-01
