9.895569479624939380e-01 9.797360351953072755e-01 9.749514879497602760e-01
9.893569746256054565e-01 9.797915833444429401e-01 9.752551511650356941e-01
9.906012531662444776e-01 9.804581611340710268e-01 9.755884400598497930e-01
9.895569479624939380e-01 9.798026929742701396e-01 9.751588677065331501e-01
9.892236590676798391e-01 9.795693907479002815e-01 9.749440815298751062e-01
9.894014131449140326e-01 9.796249388970359462e-01 9.749885200491835713e-01
9.894014131449140326e-01 9.797027063058258989e-01 9.750329585684919254e-01
9.897124827800737323e-01 9.800915433497755513e-01 9.753144025241132775e-01
9.895569479624939380e-01 9.797804737146158516e-01 9.752107126457262298e-01
9.895125094431853618e-01 9.798582411234058043e-01 9.752403383252650215e-01
