3.571263384649519868e+00 3.709259530162556384e+00 3.442948860303548742e+00
3.653131283622900405e+00 3.751832635126481463e+00 3.572123316001556415e+00
3.513452696534586472e+00 3.432398469094522842e+00 3.381503531017278519e+00
3.529883148744670240e+00 3.602543981583859800e+00 3.389387233152837631e+00
3.560050934058681449e+00 3.660400687758563532e+00 3.391689235258322110e+00
3.504222557690445328e+00 3.503210078283614415e+00 3.369448702050967803e+00
3.515527530425919256e+00 3.539602358618904709e+00 3.346101929116432228e+00
3.517207410568773618e+00 3.418385975935755550e+00 3.326809098539662557e+00
3.679007702589370155e+00 3.514376348254185878e+00 3.410712176459245182e+00
3.485057723547502206e+00 3.381550232088015751e+00 3.302088997342976118e+00
