3.421052631578947456e-01 2.105263157894736725e-01 5.263157894736841813e-02
3.684210526315789269e-01 1.578947368421052544e-01 1.315789473684210453e-01
3.684210526315789269e-01 1.842105263157894635e-01 1.052631578947368363e-01
3.684210526315789269e-01 2.631578947368420907e-01 1.052631578947368363e-01
3.684210526315789269e-01 3.157894736842105088e-01 1.052631578947368363e-01
3.684210526315789269e-01 3.157894736842105088e-01 1.052631578947368363e-01
4.210526315789473450e-01 2.894736842105263275e-01 1.052631578947368363e-01
3.947368421052631637e-01 3.157894736842105088e-01 7.894736842105262720e-02
4.473684210526315819e-01 2.894736842105263275e-01 1.052631578947368363e-01
4.473684210526315819e-01 3.157894736842105088e-01 7.894736842105262720e-02
