1.367424654553367480e-01 1.168752040039168771e-01 9.742139049069742374e-02
4.675225764334675072e-01 3.031879012077031699e-01 2.322271787618322147e-01
4.862147753236862324e-01 3.216624959199216871e-01 2.681101077140681244e-01
5.663148732455662859e-01 4.745511913828745487e-01 4.364922206506364755e-01
6.246327929496245934e-01 6.122511152214122898e-01 5.652050919377652471e-01
7.058209117615058537e-01 5.794364051789794301e-01 5.486889348275486578e-01
6.640409095854640231e-01 6.040691981286040457e-01 5.607877271243607575e-01
6.711565662060711146e-01 6.124251985638123896e-01 5.746055924273746340e-01
7.829615928625829335e-01 6.626047220106625613e-01 6.169296050484169847e-01
7.788923947339788656e-01 6.798824937438798788e-01 6.413447938200413923e-01
