3.020345990643020367e-02 1.836579262321836464e-02 1.708192797301708032e-02
3.905994995103905659e-02 3.135676204983135762e-02 2.878903274942878898e-02
7.087368077467087746e-02 4.515286693504515225e-02 4.147535632684147544e-02
1.298661734305298632e-01 8.902186921988902712e-02 5.527146121205527007e-02
1.930584267217930472e-01 1.362419758459362529e-01 1.196822979001196802e-01
2.123599173104123716e-01 1.563921227287563831e-01 1.199216624959199284e-01
2.203459906430203508e-01 1.643129148079643109e-01 1.337395277989337494e-01
2.456533565444456446e-01 1.767598737895767491e-01 1.723860298117723955e-01
2.680448264606680175e-01 2.393210749646393076e-01 2.049613752584049653e-01
4.091176150582090942e-01 2.698944619736698969e-01 2.359917310412359970e-01
