3.859809496521224403e+00 3.011377664175639346e+00 2.491117372171374189e+00
4.078984759331254928e+00 3.373326704228013284e+00 3.027289094200866337e+00
3.896699230891043086e+00 3.290728512245835624e+00 2.792565891601644257e+00
4.216546950346822697e+00 3.562115042996038206e+00 3.129088811315031915e+00
4.062779711695606366e+00 3.545967615674604279e+00 3.258066083516597100e+00
4.171178639555595424e+00 3.671810679397595756e+00 3.243008936682596932e+00
4.041579474691888940e+00 3.548976828530743699e+00 3.235943832800208586e+00
4.104825754434580531e+00 3.606042957300171548e+00 3.269103910635792420e+00
3.970170829595519368e+00 3.654477848945302920e+00 3.315647650819430137e+00
3.951934933982514053e+00 3.794499911869520403e+00 3.378707527517446074e+00
