9.648269119672931993e-01 9.543060925209971845e-01 9.494585907064267971e-01
9.655601475358841501e-01 9.546282717859840838e-01 9.497030025626239658e-01
9.632493445318401903e-01 9.537061725103319620e-01 9.478958361107450159e-01
9.682042394347419867e-01 9.550837666088966005e-01 9.498140988608960722e-01
9.664711371817090724e-01 9.544394080789228019e-01 9.487179487179522308e-01
9.664266986624006073e-01 9.541172288139359026e-01 9.477773333925888499e-01
9.693374216771096785e-01 9.558281118073145288e-01 9.495622805848150660e-01
9.697818068701951066e-01 9.563835932986712862e-01 9.497474410819340962e-01
9.698484646491578598e-01 9.571279384970893256e-01 9.509472811032648742e-01
9.711149624494511690e-01 9.579500511042972066e-01 9.511768801196931467e-01
