3.610020059370885548e+00 3.487071702308585763e+00 3.572411918693084054e+00
3.422456963598052404e+00 3.438644133687851046e+00 3.504704628533383381e+00
3.700501960538053581e+00 3.555228070412523422e+00 3.614524749478666532e+00
3.809832507397221235e+00 3.674391933551422795e+00 3.710530545250015688e+00
3.761423837112094493e+00 3.568807252140899333e+00 3.576078998351427618e+00
3.890074417541539820e+00 3.659031169635208247e+00 3.688175228663354677e+00
3.516871586213244694e+00 3.396037863086744935e+00 3.427779272354029239e+00
3.579339978352795271e+00 3.404454824438856608e+00 3.510224915772583110e+00
4.030884429354480325e+00 3.696848116820651953e+00 3.753838236853780153e+00
3.891615704239039797e+00 3.776445185092578871e+00 3.845770419249208594e+00
