3.734827264239029120e-03 3.516174402250351683e-04 6.242976651267324753e-05
4.843681197710259477e-03 1.740644038294168793e-04 6.052536012589275071e-05
2.106741573033707807e-03 2.616431187859759441e-04 1.837784856652781231e-04
8.108108108108108558e-03 3.753049352598986847e-04 1.272993444083762914e-04
5.399568034557235101e-03 1.829324064758071854e-04 1.254154386404966509e-04
7.194244604316547137e-03 2.726776949645519214e-04 1.295001295001295091e-04
6.065857885615251292e-03 3.731691389122119380e-04 6.432936635574139806e-05
5.695687550854353076e-03 3.807348181991243152e-04 1.937483854301214287e-04
4.009623095429029616e-03 4.813709444497930108e-04 6.510416666666666576e-05
5.956813104988831035e-03 2.854967643700038072e-04 1.308986190195693335e-04
