1.292861157953906735e-02 6.722151088348271401e-03 2.081706999739786623e-03
1.694915254237288130e-02 7.021433850702143813e-03 2.598152424942263075e-03
1.402918069584736284e-02 5.815644082582146004e-03 2.600472813238770536e-03
1.238390092879257040e-02 6.718528995756718920e-03 3.044561306393578793e-03
1.047339757017176458e-02 6.713912719134650965e-03 1.756440281030444963e-03
1.126126126126126073e-02 5.669737774627923652e-03 2.950722927117143714e-03
6.876227897838899962e-03 5.408653846153846020e-03 2.621919244887257507e-03
6.117192530585962781e-03 5.649717514124293766e-03 2.501389660922734640e-03
6.247944755014798145e-03 4.662729250854833439e-03 2.540937323546019026e-03
7.035497281739686200e-03 4.786120251271313263e-03 2.617115938236063647e-03
