9.617887063431618255e-01 9.324774235665325151e-01 9.165487977369165540e-01
9.671852899575671403e-01 9.415297573713414803e-01 9.248177565009247925e-01
9.617669459253617159e-01 9.256011315417256302e-01 9.081927973017082101e-01
9.583505603307583831e-01 9.388749863997388756e-01 9.216189750843216677e-01
9.486018931563485745e-01 9.420520073985420018e-01 9.257969753019258397e-01
9.522358829289522264e-01 9.389402676531389824e-01 9.264715482537264624e-01
9.340006528125339713e-01 9.279730170819279200e-01 9.172233706887171767e-01
9.328255902513328257e-01 9.310629964095310518e-01 9.219018605157218715e-01
9.342400174083342890e-01 9.303231422043303223e-01 9.231204439125231254e-01
9.324339027309324068e-01 9.276030899793276108e-01 9.170710477641170755e-01
