9.430751173708920021e-01 6.966495945369184373e-01 5.727546747045799691e-01
9.397140418267179163e-01 6.935552710200597604e-01 5.592989756722150929e-01
8.483781476739222782e-01 6.942221510883482827e-01 5.646340162185232714e-01
9.706306017925736551e-01 7.158023900981647092e-01 5.809592402902261643e-01
9.508655872389234487e-01 7.084133589415279042e-01 5.746752380698337825e-01
9.705505761843790102e-01 7.065994451557832123e-01 5.880815194195475604e-01
9.694035424669227297e-01 7.141828269625757342e-01 5.853606487409304115e-01
9.674029022620571627e-01 7.198644935847848814e-01 5.870411865130175100e-01
9.668693982074263449e-01 7.230580452411438097e-01 5.902955612462654766e-01
9.643886043533931307e-01 7.197769953051643688e-01 5.924829278702518076e-01
