3.875258631840984958e+00 3.657692411099343399e+00 3.584888730144042412e+00
3.918301371301014857e+00 3.685269415827369777e+00 3.563011710145837618e+00
4.032909634711529634e+00 3.831299318396514941e+00 3.545400953077884942e+00
3.687264241645480389e+00 3.700517584924337466e+00 3.571219307955771249e+00
3.770525064722709097e+00 3.748799701386974270e+00 3.544716945315894208e+00
3.717940229820113185e+00 3.663802595205626567e+00 3.568227910375401546e+00
3.715639556443104397e+00 3.749757802528258299e+00 3.625034049780271328e+00
3.719488961627795742e+00 3.819816968085525399e+00 3.684204350629118441e+00
3.824692053398691005e+00 3.886499334449410981e+00 3.752787738257693295e+00
3.852088451172804628e+00 3.809758989715891442e+00 3.679382876550135961e+00
