9.484957561214060195e-01 9.266431142514331976e-01 9.018056851678911690e-01
9.391414478069590732e-01 9.221770430609251834e-01 8.923550933949458974e-01
9.319424076789761813e-01 9.155668133137804254e-01 8.870817224370021181e-01
9.228325112207260705e-01 9.005910323068034851e-01 8.748833488868164032e-01
9.280984757587876777e-01 8.979691596675998255e-01 8.640921951147334523e-01
9.154557170155090962e-01 8.899591165622361411e-01 8.787272808070007990e-01
9.049237879393858819e-01 8.831155845887215250e-01 8.737946051637546230e-01
9.019019686264053703e-01 8.743723059147668897e-01 8.681583196314656137e-01
8.740834555392614780e-01 8.731946851530907328e-01 8.640847886948479495e-01
8.734168777496333913e-01 8.630960316402257471e-01 8.572782888207657326e-01
