9.047619047619047672e-01 5.714285714285713969e-01 3.095238095238095344e-01
9.285714285714286031e-01 5.952380952380952328e-01 3.333333333333333148e-01
9.285714285714286031e-01 6.190476190476190688e-01 3.095238095238095344e-01
9.523809523809523281e-01 6.190476190476190688e-01 3.095238095238095344e-01
9.523809523809523281e-01 6.190476190476190688e-01 3.095238095238095344e-01
9.523809523809523281e-01 6.190476190476190688e-01 3.333333333333333148e-01
9.523809523809523281e-01 6.428571428571429047e-01 3.809523809523809312e-01
9.761904761904761640e-01 6.428571428571429047e-01 3.809523809523809312e-01
9.761904761904761640e-01 6.666666666666666297e-01 4.047619047619047672e-01
9.761904761904761640e-01 6.428571428571429047e-01 3.809523809523809312e-01
