2.380952380952380820e-01 7.142857142857142461e-02 4.761904761904761640e-02
2.380952380952380820e-01 9.523809523809523281e-02 7.142857142857142461e-02
2.380952380952380820e-01 1.190476190476190410e-01 4.761904761904761640e-02
2.619047619047619180e-01 7.142857142857142461e-02 7.142857142857142461e-02
2.857142857142856984e-01 7.142857142857142461e-02 4.761904761904761640e-02
2.857142857142856984e-01 7.142857142857142461e-02 4.761904761904761640e-02
2.857142857142856984e-01 7.142857142857142461e-02 4.761904761904761640e-02
2.857142857142856984e-01 7.142857142857142461e-02 4.761904761904761640e-02
2.857142857142856984e-01 7.142857142857142461e-02 4.761904761904761640e-02
2.857142857142856984e-01 7.142857142857142461e-02 4.761904761904761640e-02
