9.953215101729953052e-01 9.702752692851702720e-01 9.656185398759655758e-01
9.953215101729953052e-01 9.708410401479707907e-01 9.652268523555652679e-01
9.953215101729953052e-01 9.706016755521705841e-01 9.655750190403655786e-01
9.953215101729953052e-01 9.699053421825698518e-01 9.656838211293656826e-01
9.959090414535959335e-01 9.700141442715700668e-01 9.653138940267652623e-01
9.953650310085954134e-01 9.704711130453704815e-01 9.655750190403655786e-01
9.953867914263954120e-01 9.705581547165705869e-01 9.652486127733652665e-01
9.953867914263954120e-01 9.703623109563703775e-01 9.653791752801653692e-01
9.954303122619954092e-01 9.700359046893700654e-01 9.655532586225655800e-01
9.953867914263954120e-01 9.704928734631704801e-01 9.652921336089652637e-01
