8.134044173648133924e-01 6.091611358938091580e-01 4.935480361222935319e-01
8.134479382004135006e-01 6.091828963116091566e-01 4.935915569578935846e-01
8.134914590360134978e-01 6.092046567294091552e-01 4.935480361222935319e-01
8.135349798716134950e-01 6.091393754760091594e-01 4.935480361222935319e-01
8.136220215428136004e-01 6.090523338048090540e-01 4.935480361222935319e-01
8.135349798716134950e-01 6.091176150582091608e-01 4.935697965400935860e-01
8.135785007072136032e-01 6.091176150582091608e-01 4.935480361222935319e-01
8.135567402894136046e-01 6.091611358938091580e-01 4.935262757044935333e-01
8.135785007072136032e-01 6.091611358938091580e-01 4.935045152866934792e-01
8.135349798716134950e-01 6.090958546404090512e-01 4.935697965400935860e-01
