3.775777841684242908e+00 3.089715372840990515e+00 2.818723325169950833e+00
3.454996470050811563e+00 3.039183084878775531e+00 3.356916925410690755e+00
3.855489265619562733e+00 2.826691603562552668e+00 2.747038830244543206e+00
3.842388290731351574e+00 3.687893690095631616e+00 2.757259224820203247e+00
3.915056448883462714e+00 3.294983370734385186e+00 3.763449884316144356e+00
3.873385091284234694e+00 3.836479596754195143e+00 3.501372969759402487e+00
3.981405919543810956e+00 3.729829106823129070e+00 3.255989707492170204e+00
3.349023731419188632e+00 3.712839636043860025e+00 3.157954932371647150e+00
3.859621538575461308e+00 3.822325664751166308e+00 3.363121575386176954e+00
3.355368552465442189e+00 3.616849345712782160e+00 3.605024228967342204e+00
