3.012048192771084321e-02 0.000000000000000000e+00 0.000000000000000000e+00
5.555555555555555247e-02 0.000000000000000000e+00 0.000000000000000000e+00
4.807692307692307959e-02 0.000000000000000000e+00 0.000000000000000000e+00
6.315789473684210731e-02 0.000000000000000000e+00 0.000000000000000000e+00
6.250000000000000000e-02 0.000000000000000000e+00 0.000000000000000000e+00
6.122448979591836593e-02 0.000000000000000000e+00 0.000000000000000000e+00
5.940594059405940319e-02 0.000000000000000000e+00 0.000000000000000000e+00
5.999999999999999778e-02 0.000000000000000000e+00 0.000000000000000000e+00
6.122448979591836593e-02 0.000000000000000000e+00 0.000000000000000000e+00
6.185567010309278579e-02 0.000000000000000000e+00 0.000000000000000000e+00
