5.977382875605816159e-02 1.879699248120300648e-02 8.320332813312533368e-03
7.594936708860759722e-02 1.784576163161249313e-02 9.199134199134199885e-03
7.194244604316546443e-02 1.854219948849104849e-02 9.189189189189189005e-03
7.181328545780969741e-02 1.789137380191693424e-02 9.809264305177112578e-03
7.567567567567567988e-02 1.784576163161249313e-02 9.259259259259258745e-03
7.427536231884057649e-02 1.786853860880663683e-02 9.803921568627450844e-03
7.553956834532374320e-02 1.720841300191204570e-02 9.239130434782609133e-03
7.526881720430107781e-02 1.792573623559539156e-02 9.836065573770492662e-03
7.636363636363636964e-02 1.727447216890595078e-02 9.830693610049153278e-03
7.650273224043716014e-02 1.791426743442098637e-02 9.284543965046422251e-03
