9.873354368403873815e-01 9.659231857251658893e-01 9.585028832553584843e-01
9.888804265041888364e-01 9.664671961701665204e-01 9.601566750081601542e-01
9.887716244151887324e-01 9.665977586769666230e-01 9.601131541725601570e-01
9.887498639973887338e-01 9.665542378413665148e-01 9.604613208573604677e-01
9.888369056685888392e-01 9.664671961701665204e-01 9.604178000217604705e-01
9.888804265041888364e-01 9.665107170057665176e-01 9.604395604395604691e-01
9.888151452507888406e-01 9.664454357523664108e-01 9.603307583505603651e-01
9.887716244151887324e-01 9.666195190947666216e-01 9.605701229463605717e-01
9.889457077575889432e-01 9.665759982591666244e-01 9.605483625285605731e-01
9.889674681753889418e-01 9.665977586769666230e-01 9.605266021107605745e-01
