9.957164901825147352e-01 7.466875964454849912e-01 6.022455169477997083e-01
9.972862235938912967e-01 7.459160325653169110e-01 6.021390943436385479e-01
9.973660405470121670e-01 7.458362156121960407e-01 6.019794604373969182e-01
9.976320970574149571e-01 7.457297930080348802e-01 6.020060660884372084e-01
9.976054914063746670e-01 7.457297930080348802e-01 6.021390943436385479e-01
9.975522801042941978e-01 7.456765817059543000e-01 6.021656999946788380e-01
9.974724631511733275e-01 7.456233704038738308e-01 6.021390943436385479e-01
9.974990688022136176e-01 7.457563986590751703e-01 6.021923056457191281e-01
9.975522801042941978e-01 7.457031873569945901e-01 6.021390943436385479e-01
9.975788857553344879e-01 7.457563986590751703e-01 6.021390943436385479e-01
