4.260760803981836098e+00 4.087339174242627493e+00 4.277624169113318331e+00
4.179941856927499977e+00 4.128510797623907713e+00 4.136317456830706618e+00
4.058334551684221303e+00 4.406390531953817025e+00 4.174553360171511684e+00
4.002429143823861502e+00 4.392748979799770304e+00 4.211234659224238008e+00
4.044085892877989252e+00 4.434496758937118699e+00 4.239277577976362288e+00
4.046166353741324606e+00 4.431858865209399312e+00 4.225081831665215226e+00
4.193758088084088342e+00 4.331459240184441839e+00 4.118552139723989036e+00
4.172935122387118057e+00 4.417775304637399536e+00 4.201551402150740522e+00
4.210199504755807176e+00 4.399799331850498874e+00 4.183470230030867931e+00
4.188700739701741504e+00 4.374077843967325130e+00 4.230803054669960872e+00
