1.333333333333333315e-01 3.122398001665278888e-04 2.015858083590915261e-04
1.538461538461538547e-01 3.125000000000000065e-04 2.015993548820643874e-04
1.714285714285714302e-01 3.124349093938762808e-04 2.015858083590915261e-04
1.666666666666666574e-01 3.124674513071555213e-04 2.016535591853196190e-04
1.666666666666666574e-01 3.126628452318915940e-04 2.016535591853196190e-04
1.764705882352941291e-01 3.125651177328610036e-04 2.016129032258064514e-04
1.764705882352941291e-01 3.126954346466541586e-04 2.016400053770668209e-04
1.818181818181818232e-01 3.127606338615512805e-04 2.016535591853196190e-04
1.818181818181818232e-01 3.127280308558323934e-04 2.016671148158107139e-04
1.935483870967741882e-01 3.126954346466541586e-04 2.016129032258064514e-04
