1.134453781512605036e-01 1.815541031227305840e-02 8.883248730964467613e-03
1.158798283261802536e-01 1.895043731778425777e-02 8.917197452229299118e-03
1.218487394957983166e-01 1.749271137026239126e-02 9.003215434083600838e-03
1.206896551724137984e-01 1.750547045951859892e-02 9.621552277100705458e-03
1.244635193133047241e-01 1.835535976505139541e-02 9.026434558349451590e-03
1.223628691983122407e-01 1.836884643644379200e-02 8.974358974358973701e-03
1.260869565217391242e-01 1.687454145267791583e-02 1.024983984625240166e-02
1.260869565217391242e-01 1.763409257898604018e-02 8.980115458627325672e-03
1.298701298701298579e-01 1.763409257898604018e-02 8.974358974358973701e-03
1.228813559322033955e-01 1.764705882352941152e-02 9.627727856225931288e-03
