9.954085518441954106e-01 9.705799151343705855e-01 9.660102273963659947e-01
9.955173539331955146e-01 9.707104776411706881e-01 9.661407899031660973e-01
9.954520726797954078e-01 9.706669568055706909e-01 9.664671961701665204e-01
9.955608747687955118e-01 9.706887172233706895e-01 9.664019149167664136e-01
9.955608747687955118e-01 9.709063214013708976e-01 9.665542378413665148e-01
9.954738330975955174e-01 9.709280818191708962e-01 9.663583940811663053e-01
9.956261560221956186e-01 9.708410401479707907e-01 9.663801544989664150e-01
9.956261560221956186e-01 9.709063214013708976e-01 9.663801544989664150e-01
9.956261560221956186e-01 9.709063214013708976e-01 9.663583940811663053e-01
9.954955935153955160e-01 9.709280818191708962e-01 9.664236753345664122e-01
