9.989637856364746993e-01 7.447990009830751656e-01 6.046709355155830412e-01
9.991232032308632327e-01 7.450115577755931362e-01 6.046975051146478153e-01
9.992294816271222180e-01 7.449584185774636991e-01 6.046709355155830412e-01
9.992029120280574439e-01 7.449849881765283621e-01 6.048037835109068006e-01
9.992029120280574439e-01 7.451444057709168955e-01 6.048037835109068006e-01
9.992560512261869921e-01 7.450646969737226843e-01 6.047240747137125894e-01
9.992560512261869921e-01 7.451709753699816696e-01 6.047772139118420265e-01
9.992826208252517661e-01 7.452241145681112178e-01 6.048037835109068006e-01
9.992826208252517661e-01 7.451975449690464437e-01 6.048303531099715746e-01
9.993357600233812033e-01 7.451709753699816696e-01 6.047240747137125894e-01
