3.302502592690915062e+00 3.596136126565177005e+00 3.877853490936770342e+00
3.359770488242340480e+00 3.922470026404289989e+00 3.728202690319689872e+00
3.942121364345733792e+00 3.890989804338166991e+00 3.414938508242702397e+00
3.923317523344347357e+00 4.209882511065251798e+00 4.050144692675788249e+00
3.738891969596610743e+00 4.001443291834811511e+00 3.973093583344422974e+00
4.004458283175445388e+00 4.064635130626780501e+00 4.040021387786512541e+00
3.931526958858451604e+00 3.995312521439694731e+00 4.012597491804132055e+00
3.717709367940853937e+00 4.046883200753604193e+00 3.708434450006197203e+00
3.841862179150081769e+00 3.886928960362681984e+00 3.949163480070303933e+00
3.944656677850897353e+00 4.016140346071217060e+00 3.932175148779936347e+00
