4.329529092777751664e+00 4.298790116314575194e+00 4.215019951120740238e+00
4.186171632090351480e+00 4.201675595433560950e+00 4.120022493546447784e+00
4.110181195407403898e+00 4.192206974837159095e+00 4.078338954942879013e+00
4.311815671523860694e+00 4.358111759823861675e+00 4.270142485302007351e+00
4.342207452737803841e+00 4.413310984346067833e+00 4.277435182045989492e+00
4.326027979965680004e+00 4.384920494444044969e+00 4.310884905405137246e+00
4.147213234902504375e+00 4.259677844434785143e+00 4.202635957893808616e+00
4.243906694640379840e+00 4.289176257798348324e+00 4.240577480152260215e+00
4.159866297043459227e+00 4.282591465188956725e+00 4.284782203376378718e+00
4.205614250841616553e+00 4.319950599291540350e+00 4.294707497891755210e+00
