9.633160023108030545e-01 9.516953295116207245e-01 9.442296582677740524e-01
9.752921832644536604e-01 9.572501444251877434e-01 9.523470944614707001e-01
9.638714838021597009e-01 9.572057059058791673e-01 9.496585640433036213e-01
9.554281651335377878e-01 9.477847398124694678e-01 9.470737235035215917e-01
9.500066657778962753e-01 9.470181753543971404e-01 9.456368780458811463e-01
9.550948762387236890e-01 9.534173221348264393e-01 9.496067191041102085e-01
9.361862862729414259e-01 9.351197618095364872e-01 9.315424610051876719e-01
9.508732169044127325e-01 9.463627071945962532e-01 9.418003525455759251e-01
9.450295516153401909e-01 9.444518508643291455e-01 9.402746300493139975e-01
9.589832466782206577e-01 9.517730969204105662e-01 9.447036691403966069e-01
