3.928782140775660459e+00 3.777163132287530978e+00 3.855963594409134387e+00
3.831407434851007210e+00 3.771105102991239022e+00 3.803651873568250519e+00
3.957858147080897560e+00 3.821913848532167979e+00 3.870391518086331306e+00
4.038010753587030877e+00 3.791285232431926833e+00 3.793867663689343583e+00
3.817968834532803779e+00 3.778599386894597512e+00 3.763854302721062250e+00
3.920670994877415438e+00 3.772539753489706715e+00 3.767184728516165038e+00
4.095007184918879162e+00 3.773013065715934200e+00 3.750791126673292286e+00
3.968612820614058290e+00 3.833840650331392208e+00 3.822457356736195244e+00
4.087984272038788447e+00 3.917678777786652855e+00 3.865574690851301121e+00
4.104175823422093750e+00 4.006165583077524239e+00 3.926616698689699092e+00
