4.149334148089169005e+00 3.946981981624081648e+00 4.008390055548438191e+00
3.807147335659055276e+00 3.898052043106398745e+00 3.896688085324475637e+00
4.212848061551446754e+00 4.070459851581565758e+00 3.991992024831793717e+00
4.375474140748737639e+00 4.097489984751306658e+00 3.992258602661062028e+00
4.917607392470802807e+00 4.447076931773161768e+00 4.281635420577558193e+00
4.521205468277828210e+00 4.150672800768469450e+00 4.010895540614660248e+00
4.282706421759757021e+00 4.243657570525324552e+00 4.183968245126218122e+00
4.232642930488053068e+00 4.296575623582473469e+00 4.211546479557624068e+00
4.061848432724298519e+00 3.997388647106442150e+00 3.923621774013591246e+00
4.051718115041446744e+00 3.778756019881067019e+00 3.755527870543348357e+00
