5.660377358490566169e-02 2.090082558261051207e-04 1.344718617629260950e-04
5.607476635514018620e-02 2.090301003344481568e-04 1.344628210299851970e-04
5.825242718446602130e-02 2.090519494094282462e-04 1.344537815126050457e-04
5.357142857142856845e-02 2.090082558261051207e-04 1.345170836696260369e-04
5.454545454545454281e-02 2.089427496865858879e-04 1.344899468764709815e-04
5.504587155963303058e-02 2.089645805036046452e-04 1.344628210299851970e-04
4.225352112676056260e-02 2.078569943878611393e-04 1.350621285791464099e-04
4.347826086956521618e-02 2.085070892410341870e-04 1.349527665317138943e-04
4.651162790697674354e-02 2.088336639866346476e-04 1.347527287427570299e-04
4.379562043795620641e-02 2.081598667776852682e-04 1.350165395260919440e-04
