5.045045045045044863e-02 1.338432122370936984e-02 7.857517024620220419e-03
4.643449419568822234e-02 1.315789473684210453e-02 7.291666666666666782e-03
4.025974025974025927e-02 1.371841155234657106e-02 6.809848088004191030e-03
4.005340453938584927e-02 1.308900523560209417e-02 7.832898172323759026e-03
5.132450331125827658e-02 1.202531645569620243e-02 7.261410788381742962e-03
5.057096247960848195e-02 1.150817686250757074e-02 7.751937984496123923e-03
4.000000000000000083e-02 1.156069364161849654e-02 7.367387033398821450e-03
4.385964912280701511e-02 1.269035532994923846e-02 7.186858316221765748e-03
4.531722054380664388e-02 1.285189718482252115e-02 7.067137809187279060e-03
4.447632711621234136e-02 1.226241569589209095e-02 6.559031281533803971e-03
