9.885322598193885257e-01 9.663148732455663081e-01 9.587857686867587992e-01
9.874877597649874827e-01 9.657273419649656798e-01 9.585246436731584829e-01
9.839190512457839377e-01 9.702752692851702720e-01 9.587422478511586910e-01
9.843542596017843538e-01 9.671852899575671403e-01 9.586552061799586966e-01
9.875312806005874799e-01 9.660319878141659933e-01 9.583505603307583831e-01
9.873354368403873815e-01 9.644869981503645384e-01 9.582199978239581695e-01
9.843324991839843552e-01 9.627896855619627603e-01 9.560221956261559795e-01
9.857686867587858170e-01 9.661407899031660973e-01 9.579153519747579670e-01
9.862474159503862303e-01 9.649004460885649559e-01 9.571972581873572361e-01
9.855075617451855008e-01 9.649439669241649531e-01 9.571537373517571279e-01
