9.973251303998930117e-01 7.441020702936927966e-01 6.022201417680888014e-01
9.972983817038919563e-01 7.441288182742202828e-01 6.022040335954635948e-01
9.974053764878961781e-01 7.441692521664705628e-01 6.021666443760866905e-01
9.971646382238865680e-01 7.441226029045976409e-01 6.023964267565327102e-01
9.972181356158886789e-01 7.440492110189890207e-01 6.023268253543728745e-01
9.972448843118898454e-01 7.440828006739589329e-01 6.022465899973254988e-01
9.963621773438544604e-01 7.427050736847735646e-01 6.039905852145073251e-01
9.964693610078368957e-01 7.434937277663359323e-01 6.036484245439469598e-01
9.967099983951211994e-01 7.438949367427180048e-01 6.030493513441219644e-01
9.964959208238598487e-01 7.430795153654817797e-01 6.038356604076392520e-01
