3.970827568077158976e+00 3.920108832241595120e+00 3.875640144628423212e+00
4.026931556297244086e+00 4.124317124667483014e+00 3.933246238454384702e+00
4.093348286981917994e+00 4.188300234764265717e+00 4.127183467572352882e+00
4.164512885643744333e+00 4.209420136318597017e+00 3.922713904289343745e+00
4.126758521740594432e+00 4.271028063171236511e+00 4.106514086613242576e+00
4.164044481834412892e+00 4.308614078448219864e+00 4.182614424914436135e+00
4.094734050085188315e+00 4.252710716502743793e+00 4.105635537583188999e+00
4.203252947559000141e+00 4.311085460715154305e+00 4.149919997406024130e+00
4.190382771913637505e+00 4.325712581603859519e+00 4.135064126927422201e+00
4.142140693276590291e+00 4.261034204325786057e+00 4.142072627126362150e+00
