6.696428571428571057e-03 2.024086630907802862e-04 1.315529829638887010e-04
7.380073800738007166e-03 1.017604558868423704e-04 0.000000000000000000e+00
8.196721311475410263e-03 0.000000000000000000e+00 6.601967386281111137e-05
9.345794392523363789e-03 2.036452499745443389e-04 1.980328734569938571e-04
1.809954751131221881e-02 3.068112088361628137e-04 0.000000000000000000e+00
2.487562189054726494e-02 3.069053708439897429e-04 0.000000000000000000e+00
2.512562814070351883e-02 2.049810392538690300e-04 6.625588020936857626e-05
1.404494382022471871e-02 5.155702206640544374e-04 0.000000000000000000e+00
2.688172043010752729e-02 4.101302163436891437e-04 0.000000000000000000e+00
2.958579881656804578e-02 3.078817733990147818e-04 0.000000000000000000e+00
