5.299145299145299054e-02 1.251564455569461817e-02 5.774278215223097033e-03
5.419580419580419250e-02 1.409352978859705272e-02 4.381161007667031676e-03
5.604203152364273244e-02 1.347017318794098764e-02 5.364806866952789681e-03
5.840707964601769830e-02 1.481004507405022513e-02 7.011866235167206300e-03
5.724508050089445466e-02 1.421188630490956110e-02 6.489994591671173658e-03
6.049822064056939452e-02 1.623376623376623223e-02 7.604562737642585508e-03
6.306306306306305731e-02 1.558441558441558440e-02 7.571660356949702457e-03
6.159420289855072755e-02 1.556420233463035041e-02 7.069059271343121516e-03
6.363636363636362980e-02 1.558441558441558440e-02 8.719346049046321906e-03
6.375227686703097141e-02 1.568627450980392135e-02 7.637752318603382648e-03
