9.879447285387878974e-01 9.656620607115656840e-01 9.587857686867587992e-01
9.882276139701882123e-01 9.665107170057665176e-01 9.604395604395604691e-01
9.882711348057883205e-01 9.665324774235665162e-01 9.596561853987596313e-01
9.884234577303884217e-01 9.667065607659667270e-01 9.599390708301599462e-01
9.885322598193885257e-01 9.667936024371668324e-01 9.600261125013600516e-01
9.885104994015885271e-01 9.670329670329670391e-01 9.602437166793602596e-01
9.886845827439887380e-01 9.670112066151670405e-01 9.600696333369600488e-01
9.887281035795887352e-01 9.669676857795669322e-01 9.602654770971602582e-01
9.887933848329888420e-01 9.670112066151670405e-01 9.604178000217604705e-01
9.888151452507888406e-01 9.672288107931672485e-01 9.604178000217604705e-01
