9.881526050957110119e-01 7.370158392120325086e-01 5.954921631762420953e-01
9.928385070017571312e-01 7.384058356850008442e-01 5.958947872850220984e-01
9.935569755058573094e-01 7.386245640192763418e-01 5.967411272930589483e-01
9.943556975505857265e-01 7.385713144652413797e-01 5.967411272930589483e-01
9.942224233872041239e-01 7.397497337593184064e-01 5.976625935095706277e-01
9.947818215702457501e-01 7.398503846870591039e-01 5.975564310051106887e-01
9.948356182616797661e-01 7.403513441575725329e-01 5.982965131754058863e-01
9.906549520766773087e-01 7.419535180896094095e-01 5.982485093696763290e-01
9.951810436634718204e-01 7.404488698383961953e-01 5.985092506322374772e-01
9.956336528221512161e-01 7.406480470726057863e-01 5.987754558764807333e-01
