4.076050016250233554e+00 3.678022441765427697e+00 3.836655864380286829e+00
4.123980108745029405e+00 3.999109951944072705e+00 3.796806317144530762e+00
3.845415101446964634e+00 3.719702963925818562e+00 3.611293461148775918e+00
3.982540481655290954e+00 4.021301708845341771e+00 3.841532960723669898e+00
4.018577411314190329e+00 4.177554927744774993e+00 3.734028194563689063e+00
4.075474295118140411e+00 4.178645590098446050e+00 3.874376553055170369e+00
4.042368266394543497e+00 4.115694402145368969e+00 3.902867671733036392e+00
4.071359615583158842e+00 4.158093110923652524e+00 3.827836893297630549e+00
4.073628235998013380e+00 4.237702890747068629e+00 4.030127706708928059e+00
4.087517458909826651e+00 4.300055968022982178e+00 4.093648704820591178e+00
