7.399999999999999911e-01 5.200000000000000178e-01 2.200000000000000011e-01
7.399999999999999911e-01 5.200000000000000178e-01 2.399999999999999911e-01
7.600000000000000089e-01 4.199999999999999845e-01 2.399999999999999911e-01
7.800000000000000266e-01 5.400000000000000355e-01 1.799999999999999933e-01
7.199999999999999734e-01 5.200000000000000178e-01 2.200000000000000011e-01
7.600000000000000089e-01 5.400000000000000355e-01 2.000000000000000111e-01
8.000000000000000444e-01 5.200000000000000178e-01 1.799999999999999933e-01
8.000000000000000444e-01 5.000000000000000000e-01 2.399999999999999911e-01
7.800000000000000266e-01 5.200000000000000178e-01 2.200000000000000011e-01
8.199999999999999512e-01 4.799999999999999822e-01 2.200000000000000011e-01
