2.800000000000000266e-01 1.400000000000000133e-01 8.000000000000000167e-02
2.800000000000000266e-01 1.400000000000000133e-01 5.999999999999999778e-02
2.800000000000000266e-01 1.400000000000000133e-01 5.999999999999999778e-02
2.800000000000000266e-01 1.400000000000000133e-01 5.999999999999999778e-02
2.800000000000000266e-01 1.400000000000000133e-01 5.999999999999999778e-02
2.800000000000000266e-01 1.400000000000000133e-01 5.999999999999999778e-02
2.600000000000000089e-01 1.400000000000000133e-01 8.000000000000000167e-02
2.800000000000000266e-01 1.400000000000000133e-01 8.000000000000000167e-02
2.800000000000000266e-01 1.400000000000000133e-01 5.999999999999999778e-02
2.800000000000000266e-01 1.600000000000000033e-01 5.999999999999999778e-02
