9.711239255793711056e-01 9.475356326841475330e-01 9.315417256011315761e-01
9.725165923185725703e-01 9.497551952997497215e-01 9.397671635295398174e-01
9.709280818191708962e-01 9.502556849091502444e-01 9.411380698509411724e-01
9.612229354803611958e-01 9.573278206941573387e-01 9.410510281797410670e-01
9.696877380045696437e-01 9.510608203677510808e-01 9.407246219127407549e-01
9.660319878141659933e-01 9.544554455445544150e-01 9.439886845827439865e-01
9.696659775867696451e-01 9.498204765531498284e-01 9.412033511043411682e-01
9.694266129909694385e-01 9.500598411489500350e-01 9.404199760635404415e-01
9.651398106843651625e-01 9.526493308671526439e-01 9.442715700141443014e-01
9.596561853987596313e-01 9.609182896311608824e-01 9.411598302687411710e-01
