8.128386465020128737e-01 6.058100315526058210e-01 4.989228593188989036e-01
8.148841257752148515e-01 6.088564900446088446e-01 4.972908279838972878e-01
8.129692090088129763e-01 6.083560004352083217e-01 4.974649113262974431e-01
8.125340006528125603e-01 6.069850941138069667e-01 4.983353280382983308e-01
8.129692090088129763e-01 6.089870525514089472e-01 4.963551300184963488e-01
8.132738548580132898e-01 6.068980524426068612e-01 4.984223697094984362e-01
8.127298444130127697e-01 6.078337504080078002e-01 4.972908279838972878e-01
8.121423131324121414e-01 6.068110107714067558e-01 4.997497551952997386e-01
8.126428027418126643e-01 6.075073441410074881e-01 4.985311717984985402e-01
8.117071047764117253e-01 6.053530627788054064e-01 5.010336198455009882e-01
