3.784957928170283648e+00 4.029604152546991891e+00 3.847010743805983513e+00
3.674025967505595069e+00 4.012726778882652390e+00 3.925816848422302829e+00
3.876487027603356506e+00 3.964400011965723891e+00 3.840880527311886006e+00
3.995812339333417729e+00 3.793423921417368838e+00 3.703394186799099153e+00
4.043605487454875025e+00 4.039400886408176738e+00 3.924580902199161780e+00
3.926384641853870150e+00 3.810751273386711269e+00 3.681096728358551395e+00
4.157127566983457534e+00 4.146610497047793054e+00 4.052440585459492262e+00
4.128529804317126128e+00 4.180542196350729434e+00 4.031150951566819352e+00
4.140609768075742991e+00 4.226864255681693550e+00 4.080969389937390446e+00
4.136151396436320127e+00 4.189074103159126317e+00 4.016926299433112746e+00
