1.780821917808219079e-01 2.649930264993026474e-02 1.326899879372738303e-02
1.774744027303754301e-01 2.606310013717421173e-02 1.388888888888888812e-02
1.780821917808219079e-01 2.629757785467128073e-02 1.390568319226118468e-02
1.793103448275862044e-01 2.606310013717421173e-02 1.393939393939393895e-02
1.786941580756013781e-01 2.608098833218943161e-02 1.390568319226118468e-02
1.768707482993197300e-01 2.606310013717421173e-02 1.383874849578820704e-02
1.774744027303754301e-01 2.602739726027397324e-02 1.392251815980629498e-02
1.768707482993197300e-01 2.604523646333105000e-02 1.383042693926638672e-02
1.768707482993197300e-01 2.602739726027397324e-02 1.383874849578820704e-02
1.786941580756013781e-01 2.599179206566347433e-02 1.385542168674698711e-02
