4.545454545454545303e-01 9.522801819913237140e-04 4.691689008042895640e-04
4.545454545454545303e-01 9.522801819913237140e-04 4.692318005094516615e-04
4.545454545454545303e-01 9.523809523809523801e-04 4.692003485488303351e-04
4.545454545454545303e-01 9.522801819913237140e-04 4.691689008042895640e-04
4.545454545454545303e-01 9.521794329242487965e-04 4.692003485488303351e-04
4.545454545454545303e-01 9.522801819913237140e-04 4.692003485488303351e-04
4.545454545454545303e-01 9.521794329242487965e-04 4.692003485488303351e-04
4.545454545454545303e-01 9.521794329242487965e-04 4.692003485488303351e-04
4.545454545454545303e-01 9.521794329242487965e-04 4.691689008042895640e-04
4.545454545454545303e-01 9.523809523809523801e-04 4.691689008042895640e-04
