9.947774997279947851e-01 9.696224567511696479e-01 9.643999564791644330e-01
9.947557393101947865e-01 9.691002067239691264e-01 9.644652377325644288e-01
9.947774997279947851e-01 9.693830921553693303e-01 9.645087585681645370e-01
9.948210205635947823e-01 9.691002067239691264e-01 9.645958002393646424e-01
9.947992601457947837e-01 9.691219671417691250e-01 9.645087585681645370e-01
9.947339788923947879e-01 9.691002067239691264e-01 9.643346752257643262e-01
9.947557393101947865e-01 9.690566858883690182e-01 9.645522794037645342e-01
9.947339788923947879e-01 9.690784463061691278e-01 9.643129148079643276e-01
9.947339788923947879e-01 9.690566858883690182e-01 9.643346752257643262e-01
9.947992601457947837e-01 9.690131650527690210e-01 9.643781960613643234e-01
