9.993595559587981070e-01 7.480386401238191540e-01 6.020440838981694354e-01
9.993595559587981070e-01 7.480386401238191540e-01 6.020974542349362135e-01
9.993595559587981070e-01 7.480653252922025986e-01 6.020707690665527689e-01
9.993595559587981070e-01 7.480386401238191540e-01 6.020440838981694354e-01
9.993595559587981070e-01 7.480119549554358205e-01 6.020707690665527689e-01
9.993595559587981070e-01 7.480386401238191540e-01 6.020707690665527689e-01
9.993595559587981070e-01 7.480119549554358205e-01 6.020707690665527689e-01
9.993595559587981070e-01 7.480119549554358205e-01 6.020707690665527689e-01
9.993595559587981070e-01 7.480119549554358205e-01 6.020440838981694354e-01
9.993595559587981070e-01 7.480653252922025986e-01 6.020440838981694354e-01
