4.709686938426031588e+00 4.877766112127662979e+00 4.544624469769172670e+00
4.760418167179560456e+00 4.824740779177449035e+00 4.623788351412595254e+00
4.757921821117083283e+00 4.901571755313288037e+00 4.534702864851923643e+00
4.505592968416404887e+00 4.827050663920234186e+00 4.635517609992996668e+00
4.661877397210540508e+00 4.804439321364847970e+00 4.540064051414843149e+00
4.450588010669110695e+00 4.694498630517010440e+00 4.420575987822239483e+00
4.436728851356702030e+00 4.460529706187634780e+00 4.338066087285420203e+00
4.452137495072726381e+00 4.777082776403271502e+00 4.578569629483769887e+00
4.479759928895241217e+00 4.742557510170064994e+00 4.621844470721638842e+00
4.425707528184009476e+00 4.678563021377979858e+00 4.421225850980312622e+00
