9.441852197484780218e-01 9.323979025018885869e-01 9.260765231302483524e-01
9.482291250055547849e-01 9.391525574367861617e-01 9.330089321423796767e-01
9.219437408345554363e-01 9.112340576811980286e-01 9.050719163370830600e-01
9.329644936230724328e-01 9.274985557481224552e-01 9.219067087351310308e-01
9.306536906190285841e-01 9.175998755721459510e-01 9.091084151742754305e-01
9.437852730747011698e-01 9.328422876949740150e-01 9.267060688204499241e-01
9.337643869706261368e-01 9.227769630715904059e-01 9.169888459316564155e-01
9.279429409412078833e-01 9.235213082700084453e-01 9.199440074656674016e-01
9.416077856285828274e-01 9.306536906190285841e-01 9.249063087884576984e-01
9.346975958761054581e-01 9.238990356841310092e-01 9.176924558207036897e-01
