8.378196061364378000e-01 7.777826134261778268e-01 7.348057882711348521e-01
8.433032314220433312e-01 7.007072135785007427e-01 6.375584811228375282e-01
8.702426286584702408e-01 7.788923947339788656e-01 7.219671417691219117e-01
8.128168860842127641e-01 7.714938526819714593e-01 7.137199434229136719e-01
8.603416385594603311e-01 8.141007507344141247e-01 7.674246545533673913e-01
8.735066913284734724e-01 8.014361875748013953e-01 7.642258731367642666e-01
8.479382004134479178e-01 7.881840931345881485e-01 7.524099662713523706e-01
8.188227613970188168e-01 7.342835382439343306e-01 6.592536176694592243e-01
8.055489065390055714e-01 7.685779566967685383e-01 7.587857686867587326e-01
8.357306060276357140e-01 7.907953432705907559e-01 7.264933086715265054e-01
