4.281248992896950156e+00 3.403078779563388778e+00 3.388713380281780374e+00
4.063262767278347454e+00 3.118583377930014500e+00 2.575270947107362485e+00
4.208244737226568333e+00 3.520859091931135776e+00 2.873628674053359422e+00
3.722010526633695360e+00 3.378126884022813137e+00 2.984833450936926091e+00
4.314307691117350352e+00 3.479821299639743515e+00 3.078966756503431768e+00
3.981473350141071954e+00 3.013230052567360762e+00 3.195680610876448835e+00
3.727256662500719742e+00 2.958742929973773528e+00 3.185155338926761726e+00
3.791779823831038065e+00 3.113044905732897050e+00 2.638976556370929316e+00
3.823244560125202973e+00 3.609372669475703344e+00 3.079093989840680834e+00
3.995222016623422245e+00 3.627428179558211951e+00 3.322127188718710045e+00
