8.666666666666666963e-01 5.333333333333333259e-01 2.666666666666666630e-01
8.666666666666666963e-01 5.333333333333333259e-01 2.666666666666666630e-01
8.666666666666666963e-01 5.333333333333333259e-01 2.666666666666666630e-01
8.666666666666666963e-01 5.333333333333333259e-01 2.666666666666666630e-01
8.666666666666666963e-01 5.333333333333333259e-01 2.666666666666666630e-01
8.666666666666666963e-01 5.333333333333333259e-01 2.666666666666666630e-01
8.666666666666666963e-01 5.333333333333333259e-01 2.666666666666666630e-01
8.666666666666666963e-01 5.333333333333333259e-01 2.666666666666666630e-01
8.666666666666666963e-01 5.333333333333333259e-01 2.666666666666666630e-01
8.666666666666666963e-01 5.333333333333333259e-01 2.666666666666666630e-01
