2.222222222222222099e-01 8.888888888888889228e-02 6.666666666666666574e-02
2.222222222222222099e-01 8.888888888888889228e-02 6.666666666666666574e-02
2.222222222222222099e-01 8.888888888888889228e-02 6.666666666666666574e-02
2.222222222222222099e-01 8.888888888888889228e-02 6.666666666666666574e-02
2.222222222222222099e-01 8.888888888888889228e-02 6.666666666666666574e-02
2.222222222222222099e-01 8.888888888888889228e-02 6.666666666666666574e-02
2.222222222222222099e-01 8.888888888888889228e-02 6.666666666666666574e-02
2.222222222222222099e-01 8.888888888888889228e-02 6.666666666666666574e-02
2.222222222222222099e-01 8.888888888888889228e-02 6.666666666666666574e-02
2.222222222222222099e-01 8.888888888888889228e-02 6.666666666666666574e-02
