9.950168643237949917e-01 9.703405505385703789e-01 9.651398106843651625e-01
9.950168643237949917e-01 9.702970297029702706e-01 9.651180502665651639e-01
9.950168643237949917e-01 9.699923838537699572e-01 9.650745294309650557e-01
9.950168643237949917e-01 9.699053421825698518e-01 9.652050919377651583e-01
9.950603851593950999e-01 9.698835817647698532e-01 9.651398106843651625e-01
9.950603851593950999e-01 9.698835817647698532e-01 9.651180502665651639e-01
9.950168643237949917e-01 9.699271026003699614e-01 9.651615711021651611e-01
9.949733434881949945e-01 9.699271026003699614e-01 9.650745294309650557e-01
9.950603851593950999e-01 9.698400609291698560e-01 9.650962898487650543e-01
9.950821455771950985e-01 9.699271026003699614e-01 9.650745294309650557e-01
