8.166249591992166268e-01 6.124687193994124979e-01 4.965509737786965583e-01
8.166249591992166268e-01 6.124687193994124979e-01 4.965509737786965583e-01
8.166031987814166282e-01 6.124687193994124979e-01 4.965292133608965042e-01
8.166249591992166268e-01 6.124251985638123896e-01 4.965509737786965583e-01
8.166249591992166268e-01 6.124469589816124993e-01 4.965727341964965569e-01
8.166467196170166254e-01 6.124251985638123896e-01 4.965727341964965569e-01
8.166249591992166268e-01 6.124469589816124993e-01 4.965727341964965569e-01
8.166249591992166268e-01 6.124687193994124979e-01 4.965509737786965583e-01
8.166249591992166268e-01 6.124687193994124979e-01 4.965509737786965583e-01
8.166467196170166254e-01 6.124687193994124979e-01 4.965509737786965583e-01
