3.067310540885222814e+00 3.190951047256405104e+00 3.085899644043920809e+00
3.166973113930140471e+00 3.363569875724758962e+00 3.277584886352773896e+00
3.450353892518744470e+00 3.484692398258861346e+00 3.341998215243606296e+00
3.346859691991410202e+00 3.595553662936721739e+00 3.510130157311177168e+00
3.525902715961381606e+00 3.792701769031709080e+00 3.718832771319099617e+00
3.620065266704397988e+00 3.793854480973031240e+00 3.607736196626415648e+00
3.986202633043405719e+00 3.836536971802239293e+00 3.495747659378635852e+00
4.124182633584145385e+00 3.979904848298894127e+00 3.543285445221863839e+00
3.950186028019071927e+00 4.033313482761421653e+00 3.766680185640770340e+00
4.365438115072080016e+00 4.040832507729842149e+00 3.729006586568341497e+00
