8.000000000000000167e-02 2.000000000000000042e-02 0.000000000000000000e+00
8.000000000000000167e-02 2.000000000000000042e-02 0.000000000000000000e+00
1.199999999999999956e-01 0.000000000000000000e+00 0.000000000000000000e+00
1.199999999999999956e-01 4.000000000000000083e-02 2.000000000000000042e-02
1.199999999999999956e-01 4.000000000000000083e-02 2.000000000000000042e-02
1.199999999999999956e-01 4.000000000000000083e-02 0.000000000000000000e+00
1.000000000000000056e-01 2.000000000000000042e-02 2.000000000000000042e-02
1.000000000000000056e-01 2.000000000000000042e-02 0.000000000000000000e+00
1.000000000000000056e-01 2.000000000000000042e-02 0.000000000000000000e+00
1.199999999999999956e-01 4.000000000000000083e-02 2.000000000000000042e-02
