4.600000000000000200e-01 3.200000000000000067e-01 1.199999999999999956e-01
4.799999999999999822e-01 2.600000000000000089e-01 1.600000000000000033e-01
5.200000000000000178e-01 2.600000000000000089e-01 1.600000000000000033e-01
5.999999999999999778e-01 2.600000000000000089e-01 2.000000000000000111e-01
5.799999999999999600e-01 3.599999999999999867e-01 1.799999999999999933e-01
5.999999999999999778e-01 3.400000000000000244e-01 2.000000000000000111e-01
5.999999999999999778e-01 3.400000000000000244e-01 2.000000000000000111e-01
6.400000000000000133e-01 3.400000000000000244e-01 2.800000000000000266e-01
6.400000000000000133e-01 3.400000000000000244e-01 2.200000000000000011e-01
6.400000000000000133e-01 2.600000000000000089e-01 2.399999999999999911e-01
