8.719399412468719079e-01 7.645305189859645800e-01 7.045370471113044930e-01
9.245783919051245858e-01 8.636492220650636709e-01 8.077249483190077628e-01
9.292133608965291725e-01 8.593624197584593949e-01 8.099880317702099486e-01
9.455989554999455482e-01 8.775976498748776500e-01 8.150364486998150637e-01
9.284735066913284429e-01 8.782287019910782755e-01 8.343379392884343604e-01
9.605918833641605703e-01 9.215101729953215637e-01 8.775541290392775418e-01
9.555217060167555676e-01 9.169404852573169729e-01 8.895441192470895375e-01
9.550864976607550405e-01 9.155042976825155110e-01 8.599281906212599136e-01
9.733870090305734024e-01 8.828636709824828621e-01 8.521597214666521980e-01
9.577847894679577534e-01 8.922424110542922504e-01 8.325971058644325851e-01
