4.004352083560004383e-01 2.991839843324992088e-01 2.542704819932542493e-01
4.330540746382330330e-01 3.782395821999782193e-01 3.099989119791100034e-01
5.490153410945489698e-01 4.613426177782613546e-01 3.785877488847785854e-01
6.677619410292677804e-01 4.847133064954847192e-01 3.891850723533891721e-01
6.687846806658688248e-01 5.157654226961158050e-01 4.093569796540093564e-01
6.609291698400608928e-01 4.897182025894897262e-01 3.839408116635839585e-01
7.050157763029050173e-01 5.298879338483298840e-01 4.157110216516157197e-01
6.600587531280600606e-01 5.368295071265368756e-01 4.172560113154172301e-01
6.942226090740942768e-01 5.554781851811554372e-01 4.299205744750299041e-01
7.183766728321183681e-01 5.454466325753454248e-01 4.301816994886301648e-01
