4.521633043179646982e+00 3.771499939864494610e+00 3.197039386014943751e+00
4.444657375347266459e+00 3.928616562711186866e+00 3.511651506339269257e+00
4.122752884077021562e+00 3.434772877323535756e+00 3.136479641031082455e+00
3.790989252001040644e+00 3.536532908025386668e+00 3.361347307317529509e+00
3.792886100524074600e+00 3.355757344972903677e+00 3.294293366568391335e+00
3.943193053167819873e+00 3.565591183177783119e+00 3.439658279464939739e+00
3.769759746094555997e+00 3.407796202015142217e+00 3.239478966075321154e+00
3.820862420294370398e+00 3.673862270312633793e+00 3.247227870816245865e+00
3.511170470260557508e+00 3.185928618858986372e+00 3.263235667015210506e+00
3.581003005205367185e+00 3.430192504802266562e+00 3.179864176817882804e+00
