1.206896551724137984e-01 1.281186783546864501e-02 6.395348837209302237e-03
1.289198606271776959e-01 1.412239408204438509e-02 4.065040650406504495e-03
1.284722222222222099e-01 1.331557922769640440e-02 4.127358490566037687e-03
1.298245614035087592e-01 1.278600269179003962e-02 4.705882352941176058e-03
1.307420494699646774e-01 1.467645096731154050e-02 4.142011834319526790e-03
1.340579710144927661e-01 1.403743315508021450e-02 4.107981220657277305e-03
1.389961389961389959e-01 1.491525423728813637e-02 4.098360655737705131e-03
1.350364963503649651e-01 1.542588866532528490e-02 4.091174751607247299e-03
1.340579710144927661e-01 1.417004048582995966e-02 4.703115814226925366e-03
1.335740072202166173e-01 1.543624161073825496e-02 4.100761570005858128e-03
