6.796116504854368690e-02 1.068490223314456727e-04 1.375799683566072810e-04
9.210526315789473173e-02 3.208556149732620286e-04 0.000000000000000000e+00
1.066666666666666735e-01 2.138351331123703575e-04 0.000000000000000000e+00
1.290322580645161255e-01 2.137437212781874484e-04 0.000000000000000000e+00
1.250000000000000000e-01 2.135839384878257194e-04 0.000000000000000000e+00
1.509433962264150886e-01 2.136523875654310490e-04 0.000000000000000000e+00
1.454545454545454475e-01 2.139266231682532987e-04 0.000000000000000000e+00
1.454545454545454475e-01 2.137665669089354307e-04 0.000000000000000000e+00
1.509433962264150886e-01 2.137208805300277775e-04 0.000000000000000000e+00
1.538461538461538547e-01 2.136752136752136750e-04 0.000000000000000000e+00
