9.944510934609944730e-01 9.681427483407681889e-01 9.628114459797627589e-01
9.945598955499945770e-01 9.680992275051680807e-01 9.626808834729626563e-01
9.945381351321945784e-01 9.677510608203677700e-01 9.632466543357632860e-01
9.946034163855945742e-01 9.680774670873680821e-01 9.631813730823631792e-01
9.946469372211946824e-01 9.678598629093678740e-01 9.633772168425633886e-01
9.947992601457947837e-01 9.679033837449678712e-01 9.630725709933630752e-01
9.951474268305950943e-01 9.683821129365683955e-01 9.629855293221629697e-01
9.948427809813948919e-01 9.680557066695680835e-01 9.629202480687629739e-01
9.947992601457947837e-01 9.682080295941681847e-01 9.631596126645631806e-01
9.947774997279947851e-01 9.680774670873680821e-01 9.630072897399629683e-01
