9.974332237105959509e-01 7.497927862891367035e-01 6.113740274324216406e-01
9.981551295419908154e-01 7.500868960722975043e-01 6.113472901794069214e-01
9.982086040480201428e-01 7.499799470602390716e-01 6.112403411673484888e-01
9.985561883372102709e-01 7.498729980481805280e-01 6.113740274324216406e-01
9.985027138311809436e-01 7.496858372770781598e-01 6.115879254565386169e-01
9.987968236143418554e-01 7.497660490361219843e-01 6.115344509505092896e-01
9.987433491083126391e-01 7.500868960722975043e-01 6.116413999625678333e-01
9.987433491083126391e-01 7.498997353011951361e-01 6.114275019384508569e-01
9.987968236143418554e-01 7.498462607951659198e-01 6.115879254565386169e-01
9.988235608673564636e-01 7.497927862891367035e-01 6.115611882035240088e-01
