3.448770948804550152e+00 3.106766651509801580e+00 3.273791195141858346e+00
3.621505931973834524e+00 3.368598670331217626e+00 2.980993691079563135e+00
3.420646243451887614e+00 3.378057651902557801e+00 3.670419471281085588e+00
3.686104288320205313e+00 3.600175685500910827e+00 3.695146516777883416e+00
3.532543814499037982e+00 3.446329429429983104e+00 3.740431331383529567e+00
4.114319032780995755e+00 3.649892830957608414e+00 3.580136706776934741e+00
3.841863060666756535e+00 3.904455199637119733e+00 3.640655023723528672e+00
3.799281129896325382e+00 3.774081022215494574e+00 3.722999484998621877e+00
3.950256278379958186e+00 4.016211258311950694e+00 3.738113707681971487e+00
4.062688941527298425e+00 3.813578020891631670e+00 4.000523205857372311e+00
