2.399611581411176253e+00 2.662091997384251396e+00 2.791371759776673844e+00
2.389649047510934654e+00 2.709989660487422292e+00 2.742523690789372193e+00
3.018235060560908511e+00 3.096912925148958884e+00 3.146044849961007195e+00
2.994406142415738437e+00 3.432385974893847447e+00 3.280701682961333798e+00
2.901564152615859093e+00 3.232877717752403957e+00 3.138738612221701363e+00
3.043481040938045723e+00 3.015617157557268779e+00 3.114828574926695737e+00
3.068484087643345681e+00 3.119431016179450733e+00 3.227559790604513257e+00
3.035500982274399462e+00 3.053490278454913387e+00 3.112417051707748961e+00
3.003528460537266298e+00 3.081611568661159151e+00 3.196625445572340407e+00
3.117699550856756652e+00 3.214238738228500480e+00 3.018298327656667723e+00
