7.385028533064786835e-03 2.556036177742823309e-03 3.302509907529722617e-04
7.738304607808652903e-03 2.539829138767028208e-03 8.271298593879239033e-04
2.356557377049180169e-02 4.243827160493826925e-03 1.902949571836346420e-03
1.957295373665480370e-02 4.788507581803671219e-03 2.078281953585036420e-03
2.834008097165991932e-02 6.483790523690772731e-03 2.125850340136054614e-03
3.756708407871198890e-02 6.504065040650406498e-03 2.366303833412210060e-03
3.381642512077294438e-02 6.053935057787561934e-03 2.786809103576405166e-03
5.670103092783505133e-02 7.087628865979381416e-03 2.233389168062534930e-03
5.670103092783505133e-02 7.019783024888321364e-03 2.744237102085620404e-03
5.645161290322580488e-02 7.787151200519143793e-03 2.261164499717354271e-03
