1.608291636883488196e-03 1.454333915066899298e-04 0.000000000000000000e+00
1.855717930874507034e-03 1.713796058269065857e-04 5.934365913002195641e-05
2.801120448179271732e-03 2.537427048972342217e-04 0.000000000000000000e+00
4.640371229698375677e-03 1.902225603956629347e-04 0.000000000000000000e+00
4.933051444679351430e-03 2.967065572149144427e-04 0.000000000000000000e+00
1.151079136690647507e-02 2.060581083865650070e-04 0.000000000000000000e+00
1.814516129032258188e-02 3.085150143973673415e-04 0.000000000000000000e+00
3.125000000000000000e-02 2.071680132587528527e-04 6.694784762669880494e-05
1.600000000000000033e-02 2.104820037886760600e-04 0.000000000000000000e+00
3.347280334728033185e-02 2.075765438505448998e-04 0.000000000000000000e+00
