9.356544445653356412e-01 8.896094005004896443e-01 8.682624306386682589e-01
9.386138613861385593e-01 9.059949951039060201e-01 8.948536611902948579e-01
9.792623218365792415e-01 9.438363616581438853e-01 9.315199651833314665e-01
9.760200195843760085e-01 9.457295180067457618e-01 9.373082363181373111e-01
9.843324991839843552e-01 9.566532477423566050e-01 9.489282994233488866e-01
9.882928952235883191e-01 9.601131541725601570e-01 9.541290392775541029e-01
9.869437493199869627e-01 9.607006854531606743e-01 9.532803829833532694e-01
9.920356870851920750e-01 9.664671961701665204e-01 9.611141333913610918e-01
9.920356870851920750e-01 9.661407899031660973e-01 9.604613208573604677e-01
9.923620933521923870e-01 9.667283211837667256e-01 9.615928625829616161e-01
