8.508741492059255229e-01 6.329907914053116702e-01 5.144801815027358893e-01
8.851461363939676641e-01 6.885626584812492013e-01 5.502468971039636836e-01
9.334845856132389930e-01 6.845055385026024286e-01 5.456025623915654599e-01
9.541972507673829318e-01 7.194181235820098497e-01 5.752035232884025184e-01
9.623114907246763661e-01 7.302015214199919502e-01 5.841985853463231848e-01
9.816628853596690574e-01 7.409849192579741617e-01 5.961564126518084095e-01
9.870012011210462788e-01 7.405311624182570052e-01 5.999466168423862600e-01
9.942079273989056221e-01 7.423728813559321571e-01 6.013345789403443664e-01
9.868677432270118732e-01 7.464300013345789298e-01 6.018150273588682708e-01
9.938342452956092643e-01 7.428800213532630314e-01 6.021086347257440519e-01
