3.001684973404518342e+00 3.028968824728305531e+00 2.846791299085840610e+00
3.083944365008553401e+00 3.185737292348043148e+00 3.007017272622742432e+00
3.397358578577114319e+00 3.213931920661124320e+00 3.056451273270391678e+00
3.340379810671414873e+00 3.173069662636231136e+00 3.081582823802166082e+00
3.325401732606667604e+00 3.247771796455384496e+00 3.365271112681656351e+00
3.195840437283250068e+00 3.177149288554862672e+00 3.157613341917139049e+00
3.124782326216626771e+00 2.996698270726731561e+00 2.861717815131191944e+00
3.033668219643405717e+00 3.037335457662710958e+00 3.074348415226086928e+00
3.148331251369373085e+00 3.107304795399595587e+00 2.817925370528889584e+00
3.136873638530943698e+00 3.098145506687757234e+00 2.850618468672732497e+00
