3.965604443127103806e+00 3.952481744652965645e+00 3.893419682353132849e+00
4.087786368911124235e+00 3.977716044311096599e+00 3.879897755449714047e+00
4.107067843808024143e+00 3.979835983501719632e+00 3.883836325382345134e+00
3.988657419171290908e+00 3.922281345970516586e+00 3.881066539518279068e+00
4.102185554376422516e+00 3.946257853933674564e+00 3.840505487709455323e+00
4.099575053813191872e+00 4.051823821635660572e+00 3.902053721953017806e+00
4.014096463288982619e+00 3.884930691107169931e+00 3.793213237047450281e+00
4.029056720561188243e+00 4.004681776892206280e+00 3.892638395682119334e+00
4.134402609960377895e+00 4.005524748620129749e+00 3.840776946178388940e+00
4.069143876813334337e+00 3.907073310841514324e+00 3.835661423722425134e+00
