3.245408213745500703e+00 3.311993674921894559e+00 3.358496057276139535e+00
3.160151116996621212e+00 3.191575699032549007e+00 3.174792099568654269e+00
3.185260923422774226e+00 3.328651711388855183e+00 3.389974847499566124e+00
3.397239904048171777e+00 3.444766113744752722e+00 3.418919397705868501e+00
3.200246718396892565e+00 3.295871965945368132e+00 3.380560894081584333e+00
3.013995801380696893e+00 3.122508757214871977e+00 3.293993207059071171e+00
3.205471791403511794e+00 3.321014323417900371e+00 3.415947071098460963e+00
3.015332082334955199e+00 3.171555841294475986e+00 3.354413045485269418e+00
3.133352046158224269e+00 3.214080659391894468e+00 3.392671753181470518e+00
2.869052159237598598e+00 3.005336907213680409e+00 3.247975827843776919e+00
