8.974358974358974672e-01 6.410256410256410797e-01 4.358974358974359031e-01
8.974358974358974672e-01 6.410256410256410797e-01 4.358974358974359031e-01
8.974358974358974672e-01 6.410256410256410797e-01 4.358974358974359031e-01
8.974358974358974672e-01 6.410256410256410797e-01 4.102564102564102422e-01
8.974358974358974672e-01 6.410256410256410797e-01 4.358974358974359031e-01
8.974358974358974672e-01 6.410256410256410797e-01 4.358974358974359031e-01
8.974358974358974672e-01 6.410256410256410797e-01 4.358974358974359031e-01
8.974358974358974672e-01 6.410256410256410797e-01 4.358974358974359031e-01
8.974358974358974672e-01 6.410256410256410797e-01 4.358974358974359031e-01
8.974358974358974672e-01 6.410256410256410797e-01 4.615384615384615641e-01
