3.589743589743589758e-01 1.282051282051281937e-01 0.000000000000000000e+00
3.589743589743589758e-01 1.282051282051281937e-01 0.000000000000000000e+00
3.589743589743589758e-01 1.282051282051281937e-01 0.000000000000000000e+00
3.589743589743589758e-01 1.282051282051281937e-01 0.000000000000000000e+00
3.589743589743589758e-01 1.282051282051281937e-01 0.000000000000000000e+00
3.589743589743589758e-01 1.282051282051281937e-01 0.000000000000000000e+00
3.589743589743589758e-01 1.282051282051281937e-01 0.000000000000000000e+00
3.589743589743589758e-01 1.282051282051281937e-01 0.000000000000000000e+00
3.589743589743589758e-01 1.282051282051281937e-01 0.000000000000000000e+00
3.589743589743589758e-01 1.282051282051281937e-01 0.000000000000000000e+00
