9.953650310085954134e-01 9.709063214013708976e-01 9.664019149167664136e-01
9.953215101729953052e-01 9.711674464149712138e-01 9.664454357523664108e-01
9.953650310085954134e-01 9.709063214013708976e-01 9.663366336633663067e-01
9.953215101729953052e-01 9.708845609835708990e-01 9.664019149167664136e-01
9.953215101729953052e-01 9.708845609835708990e-01 9.663583940811663053e-01
9.953215101729953052e-01 9.709280818191708962e-01 9.663583940811663053e-01
9.953215101729953052e-01 9.708845609835708990e-01 9.663801544989664150e-01
9.953215101729953052e-01 9.709063214013708976e-01 9.663801544989664150e-01
9.953215101729953052e-01 9.709063214013708976e-01 9.663583940811663053e-01
9.953215101729953052e-01 9.709063214013708976e-01 9.663801544989664150e-01
