8.162985529322163147e-01 6.046132085736045658e-01 4.886084212816886319e-01
8.163203133500163133e-01 6.046132085736045658e-01 4.886084212816886319e-01
8.162985529322163147e-01 6.046132085736045658e-01 4.886084212816886319e-01
8.162985529322163147e-01 6.046132085736045658e-01 4.886084212816886319e-01
8.163203133500163133e-01 6.046132085736045658e-01 4.886084212816886319e-01
8.162985529322163147e-01 6.046349689914046754e-01 4.886084212816886319e-01
8.162985529322163147e-01 6.046132085736045658e-01 4.886084212816886319e-01
8.162985529322163147e-01 6.046349689914046754e-01 4.886084212816886319e-01
8.162985529322163147e-01 6.046132085736045658e-01 4.886084212816886319e-01
8.162985529322163147e-01 6.046132085736045658e-01 4.886084212816886319e-01
