4.501571942281596073e+00 4.719646023745577956e+00 4.390065229025654325e+00
4.213695527490242121e+00 4.726702136504396634e+00 4.408004000634056396e+00
4.150646310450661680e+00 4.773456715809992978e+00 4.503652054646575031e+00
4.182383953915571162e+00 4.602831732898669870e+00 4.486310498636369104e+00
4.239875524941450813e+00 4.650376386438029641e+00 4.447763886090615237e+00
4.026045049919830809e+00 4.514331280278979897e+00 4.544050387449835249e+00
4.008972015081648799e+00 4.084241950355937512e+00 4.510279409363459280e+00
3.915143792690300106e+00 4.161635957377792572e+00 4.521332279399466358e+00
4.061896543290402839e+00 4.168152636744583361e+00 4.463039008420125242e+00
4.143573904647031902e+00 4.044045851293892824e+00 4.243381136029999112e+00
