1.264822134387351693e-01 1.798561151079136611e-02 7.532956685499058065e-03
1.280000000000000027e-01 1.835535976505139541e-02 7.518796992481202590e-03
1.264822134387351693e-01 1.807664497469269743e-02 7.537688442211054954e-03
1.254901960784313708e-01 1.832844574780058758e-02 7.514088916718847898e-03
1.254901960784313708e-01 1.819505094614264767e-02 7.514088916718847898e-03
1.254901960784313708e-01 1.793400286944045810e-02 7.523510971786833909e-03
1.250000000000000000e-01 1.866475233309404166e-02 6.896551724137930939e-03
9.495548961424332690e-02 1.692620176032498189e-02 7.155635062611806832e-03
1.250000000000000000e-01 1.818181818181818094e-02 7.518796992481202590e-03
1.254901960784313708e-01 1.794687724335965531e-02 7.514088916718847898e-03
