4.687500000000000000e-01 9.365244536940686357e-04 4.010963299685807622e-04
4.687500000000000000e-01 9.361348034116912659e-04 4.010695187165775493e-04
4.687500000000000000e-01 9.366219169528567463e-04 4.010695187165775493e-04
4.687500000000000000e-01 9.361348034116912659e-04 4.010695187165775493e-04
4.545454545454545303e-01 9.362321855820243070e-04 4.010695187165775493e-04
4.545454545454545303e-01 9.361348034116912659e-04 4.010963299685807622e-04
4.687500000000000000e-01 9.361348034116912659e-04 4.010963299685807622e-04
1.199999999999999956e-01 9.288884301785530449e-04 3.993344425956738648e-04
4.545454545454545303e-01 9.362321855820243070e-04 4.010695187165775493e-04
4.545454545454545303e-01 9.362321855820243070e-04 4.010427110487266799e-04
