9.951909476661952025e-01 9.702970297029702706e-01 9.655967794581655772e-01
9.952562289195953094e-01 9.709063214013708976e-01 9.655314982047655814e-01
9.951909476661952025e-01 9.704493526275704829e-01 9.656185398759655758e-01
9.951474268305950943e-01 9.708628005657709004e-01 9.655097377869654718e-01
9.951474268305950943e-01 9.706451963877706923e-01 9.655097377869654718e-01
9.951474268305950943e-01 9.702099880317701652e-01 9.655532586225655800e-01
9.951256664127950957e-01 9.702535088673702734e-01 9.655314982047655814e-01
9.933630725709933218e-01 9.684038733543683941e-01 9.637689043629638075e-01
9.951256664127950957e-01 9.706234359699705827e-01 9.655314982047655814e-01
9.951474268305950943e-01 9.702317484495702749e-01 9.655097377869654718e-01
