9.995466424875993905e-01 7.439596778494853568e-01 6.012320657101711818e-01
9.995466424875993905e-01 7.438530054936263181e-01 6.012053976212065054e-01
9.995466424875993905e-01 7.439863459384500333e-01 6.012053976212065054e-01
9.995466424875993905e-01 7.438530054936263181e-01 6.012053976212065054e-01
9.995199743986346030e-01 7.438796735825911055e-01 6.012053976212065054e-01
9.995199743986346030e-01 7.438530054936263181e-01 6.012320657101711818e-01
9.995466424875993905e-01 7.438530054936263181e-01 6.012320657101711818e-01
9.970665102138780433e-01 7.418528988212704789e-01 5.994719718384980967e-01
9.995199743986346030e-01 7.438796735825911055e-01 6.012053976212065054e-01
9.995199743986346030e-01 7.438796735825911055e-01 6.011787295322417179e-01
