2.510606268888324610e+00 2.503097794679043364e+00 3.183220224363698225e+00
2.431004340568623689e+00 2.779492761763683983e+00 2.734493809776463724e+00
2.750446274182543505e+00 2.854852660955350618e+00 2.715582086847711185e+00
2.754918672792924461e+00 3.049075198210826176e+00 2.981715656578039386e+00
2.916627749500810829e+00 2.933910616958740558e+00 2.867899812288005723e+00
2.902448813576585351e+00 2.871136058626540866e+00 2.983783652375117779e+00
2.960087200007056385e+00 2.945026874311938769e+00 3.158292234342394700e+00
2.967565042395308161e+00 3.045188782427121765e+00 2.877184653689231375e+00
2.884740335254826871e+00 2.926480652005901462e+00 3.185238625310200078e+00
3.090979304448262077e+00 3.199400711822888432e+00 3.241308177667801438e+00
