9.445407279029462977e-01 9.369195218415322657e-01 9.329719000429607112e-01
9.451628671732658082e-01 9.376860862996044821e-01 9.334903494348927300e-01
9.490067990934542008e-01 9.400746567124383946e-01 9.357789331792835119e-01
9.474514509176553689e-01 9.387748300226635978e-01 9.346605637766834951e-01
9.468070923876816813e-01 9.379527174154557168e-01 9.351049489697705885e-01
9.504066124516731273e-01 9.407079056125849936e-01 9.361862862729422030e-01
9.465404612718304467e-01 9.372528107363462535e-01 9.335644136337416521e-01
9.471403812824956692e-01 9.371417144380749242e-01 9.332977825178904174e-01
9.501399813358218926e-01 9.399191218948584892e-01 9.350901361300004710e-01
9.465848997911389118e-01 9.390525707683420320e-01 9.360307514553658503e-01
