2.848507836058927101e+00 2.787727416295736838e+00 2.807990355050075770e+00
2.781410681135999319e+00 2.770670599854233807e+00 2.828990494242067388e+00
2.661730823842729077e+00 2.629433727617513483e+00 2.730400322349307629e+00
2.803732772749781166e+00 2.762945718245601423e+00 2.830406356537995993e+00
3.020931537732888028e+00 2.954084662988700760e+00 2.969381654110727631e+00
2.915186086776702989e+00 2.912707020121779067e+00 2.937726459102545817e+00
2.836614313405112942e+00 2.821693658904300239e+00 2.856149259492786641e+00
2.824765218828440450e+00 2.856162228043315654e+00 2.902423808628076252e+00
2.940939638662852129e+00 2.907044203277810546e+00 2.936995042251353549e+00
2.973010574550694507e+00 2.960991562774750285e+00 3.018769255202591761e+00
