8.583832009574583477e-01 8.009356979654009834e-01 6.800348166684799800e-01
7.387879447285388146e-01 7.635730606027635314e-01 7.461429659449461127e-01
9.095637036231095651e-01 8.399086062452398860e-01 8.082907191818082815e-01
9.314329235121314721e-01 8.767925144162768136e-01 8.382112936568382189e-01
9.448808617125449283e-01 8.942443694918942310e-01 8.670873680774671133e-01
9.568273310847568158e-01 9.114133391361114445e-01 8.864976607550865140e-01
9.496899140463497258e-01 9.151778914155151989e-01 8.891524317266891186e-01
9.741051028179741333e-01 9.398977260363399200e-01 9.246871939941246898e-01
9.687738004569688144e-01 9.262539440757262543e-01 9.157219018605157190e-01
9.883364160591883163e-01 9.557175497769556660e-01 9.441410075073440877e-01
