4.797301708192797109e-01 3.378740071809378520e-01 2.565335654444565461e-01
4.966597758676966623e-01 3.797628114459797866e-01 3.143292351213143321e-01
5.946469372211946602e-01 4.964421716896964543e-01 4.348384288978348611e-01
6.260907409422260539e-01 5.189859645305190394e-01 4.488738983788488901e-01
6.915895985202915597e-01 5.329126319225329089e-01 4.549885757806549913e-01
7.229681209879229575e-01 5.641823523011642028e-01 4.600805135458601036e-01
6.983570884560983405e-01 5.734087694483733788e-01 4.650854096398651105e-01
7.636165814383636397e-01 5.682080295941681625e-01 4.668044826460668317e-01
7.674899358067674981e-01 5.886845827439887158e-01 4.743118267870742866e-01
7.839625720813839793e-01 5.973887498639973703e-01 4.760091393754760092e-01
