4.589188717585049204e+00 4.003366317060492285e+00 3.198428715916831866e+00
3.380977138784566183e+00 3.568355278623408289e+00 3.384441114592541044e+00
4.229189676435312961e+00 3.842503633263316232e+00 3.757497802623663841e+00
4.560798973706547521e+00 4.001517455664901135e+00 3.787164766769632429e+00
3.902558840893978864e+00 3.679222352187338618e+00 3.616425938095155335e+00
3.720329777775401858e+00 3.526842457497489036e+00 3.520105965702656547e+00
3.596136547187939403e+00 3.385910796159871783e+00 3.167587416831435299e+00
3.654227992066411801e+00 3.250656085037610943e+00 3.379235400809237788e+00
3.652125437670097341e+00 3.194018308210902823e+00 3.073711351722224538e+00
3.670516726590538070e+00 3.421141197973507353e+00 3.245391423150621790e+00
