9.816468915255743832e-01 9.790472381460250118e-01 9.745811669555215495e-01
9.814246989290317247e-01 9.797249255654801869e-01 9.749959264690677418e-01
9.818024263431542886e-01 9.795471714882459935e-01 9.750107393088375263e-01
9.787139492512109129e-01 9.782362351686442192e-01 9.740701239834732572e-01
9.802470781673554567e-01 9.773252455228191860e-01 9.740256854641632378e-01
9.746256054748255737e-01 9.727147491445584659e-01 9.703891333007456099e-01
9.789361418477536825e-01 9.772919166333378094e-01 9.748477980713714519e-01
9.779584944229657850e-01 9.755254854908234075e-01 9.731221022382222641e-01
9.783140025774341719e-01 9.760587477225258768e-01 9.740256854641629047e-01
9.744256321379372032e-01 9.722370350619917723e-01 9.698114325497337873e-01
