3.499999999999999778e-01 4.179291610072092904e-04 2.026068751266292892e-04
3.888888888888888951e-01 5.223023085762038562e-04 1.350803728218289790e-04
3.589743589743589758e-01 5.224660397074190697e-04 1.350803728218289790e-04
3.589743589743589758e-01 4.178854993731717757e-04 1.350803728218289790e-04
3.499999999999999778e-01 4.178854993731717757e-04 1.350712500844195442e-04
3.783783783783783994e-01 4.178418468609631500e-04 1.350803728218289790e-04
3.783783783783783994e-01 4.178418468609631500e-04 1.350712500844195442e-04
3.499999999999999778e-01 4.178418468609631500e-04 1.350712500844195442e-04
3.684210526315789269e-01 4.178418468609631500e-04 1.350712500844195442e-04
3.783783783783783994e-01 4.178854993731717757e-04 1.350986219940556528e-04
