1.785714285714285754e-01 2.164804469273743162e-02 1.156421180766889836e-02
1.785714285714285754e-01 2.145328719723183300e-02 1.153612629022465058e-02
1.743772241992882499e-01 2.096436058700209756e-02 1.152213462704669567e-02
1.785714285714285754e-01 2.146814404432132936e-02 1.148036253776435131e-02
1.743772241992882499e-01 2.155771905424200274e-02 1.147342995169082190e-02
1.779359430604982306e-01 2.175438596491227963e-02 1.148036253776435131e-02
1.773049645390070983e-01 2.151283830673143480e-02 1.148036253776435131e-02
1.785714285714285754e-01 2.146814404432132936e-02 1.146650573325286651e-02
1.792114695340501773e-01 2.146814404432132936e-02 1.147342995169082190e-02
1.779359430604982306e-01 2.157272094641614346e-02 1.146650573325286651e-02
