9.949951039059949931e-01 9.695136546621695439e-01 9.646610814927646382e-01
9.949951039059949931e-01 9.692307692307692291e-01 9.645740398215645328e-01
9.949515830703949959e-01 9.695136546621695439e-01 9.645305189859645356e-01
9.949951039059949931e-01 9.692525296485692277e-01 9.643999564791644330e-01
9.949515830703949959e-01 9.693830921553693303e-01 9.643781960613643234e-01
9.949733434881949945e-01 9.696659775867696451e-01 9.643999564791644330e-01
9.949515830703949959e-01 9.693178109019693345e-01 9.643999564791644330e-01
9.949951039059949931e-01 9.692525296485692277e-01 9.643564356435643248e-01
9.950168643237949917e-01 9.692525296485692277e-01 9.643781960613643234e-01
9.949733434881949945e-01 9.694048525731694399e-01 9.643564356435643248e-01
