9.993084002766399188e-01 7.455179017928392771e-01 6.062137575144970203e-01
9.994148002340799142e-01 7.454913018034793337e-01 6.062137575144970203e-01
9.993350002659998621e-01 7.455711017715592748e-01 6.062137575144970203e-01
9.993350002659998621e-01 7.454913018034793337e-01 6.062137575144970203e-01
9.993084002766399188e-01 7.454913018034793337e-01 6.061871575251369659e-01
9.993882002447198598e-01 7.454647018141192794e-01 6.062137575144970203e-01
9.993882002447198598e-01 7.454647018141192794e-01 6.061871575251369659e-01
9.993084002766399188e-01 7.454647018141192794e-01 6.061871575251369659e-01
9.993616002553599165e-01 7.454647018141192794e-01 6.061871575251369659e-01
9.993882002447198598e-01 7.454913018034793337e-01 6.062669574932170180e-01
