5.108843676888792373e+00 4.751353595043087630e+00 4.260802528295034364e+00
4.195735565077275631e+00 4.148424928502360665e+00 4.057610828632351563e+00
4.342183966530188677e+00 4.530132177950377148e+00 4.177878976451324888e+00
4.374996678395339345e+00 4.267532023906777106e+00 4.179688852270810884e+00
4.234488696231211158e+00 4.406354000128197335e+00 4.303814147066955087e+00
4.230721032028068151e+00 4.131008170377967303e+00 3.960084841073495454e+00
4.311768848775029639e+00 4.243827674284539775e+00 4.099190322859167068e+00
4.163933630070006053e+00 4.154360919565917243e+00 3.948420331074244949e+00
4.318497610151323052e+00 4.349985278278596823e+00 3.964993502931411395e+00
4.199441113305328876e+00 4.230511759997619414e+00 4.152560804094145297e+00
