9.868239790250188381e-01 9.774363418210905152e-01 9.726258721059463097e-01
9.873128027374128424e-01 9.776807536772874618e-01 9.728776903820282040e-01
9.879349420077323529e-01 9.784584277651868778e-01 9.734627975529235311e-01
9.881793538639292995e-01 9.788583744389637298e-01 9.739738405249721565e-01
9.886237390570146166e-01 9.793805270408389996e-01 9.746404183146003541e-01
9.885348620183975754e-01 9.792805403723947588e-01 9.744182257180578066e-01
9.881571346042750115e-01 9.789028129582721949e-01 9.741145625027826105e-01
9.887570546149402340e-01 9.795360618584189050e-01 9.748700173310277384e-01
9.883348886815090939e-01 9.791250055548149644e-01 9.743219422595558177e-01
9.890236857307914686e-01 9.797582544549615635e-01 9.748848301707975228e-01
