1.590909090909090884e-01 1.590909090909090884e-01 4.545454545454545581e-02
1.818181818181818232e-01 1.136363636363636326e-01 6.818181818181817677e-02
1.818181818181818232e-01 1.136363636363636326e-01 4.545454545454545581e-02
1.818181818181818232e-01 1.363636363636363535e-01 4.545454545454545581e-02
2.045454545454545581e-01 1.136363636363636326e-01 4.545454545454545581e-02
1.590909090909090884e-01 1.363636363636363535e-01 6.818181818181817677e-02
2.045454545454545581e-01 1.136363636363636326e-01 4.545454545454545581e-02
1.590909090909090884e-01 1.136363636363636326e-01 4.545454545454545581e-02
2.045454545454545581e-01 1.136363636363636326e-01 4.545454545454545581e-02
1.590909090909090884e-01 1.590909090909090884e-01 4.545454545454545581e-02
