9.090909090909090606e-01 5.227272727272727071e-01 3.409090909090908839e-01
9.318181818181817677e-01 5.000000000000000000e-01 2.954545454545454697e-01
9.318181818181817677e-01 5.000000000000000000e-01 3.409090909090908839e-01
9.318181818181817677e-01 5.227272727272727071e-01 2.727272727272727071e-01
9.318181818181817677e-01 5.454545454545454142e-01 2.727272727272727071e-01
9.090909090909090606e-01 5.227272727272727071e-01 2.272727272727272652e-01
9.545454545454545858e-01 5.000000000000000000e-01 2.727272727272727071e-01
8.863636363636363535e-01 4.772727272727272929e-01 2.272727272727272652e-01
9.090909090909090606e-01 5.681818181818182323e-01 2.727272727272727071e-01
9.090909090909090606e-01 4.772727272727272929e-01 2.954545454545454697e-01
