9.528669350451528519e-01 9.038842345773039355e-01 8.814710042432815085e-01
9.712327276683712096e-01 9.319986943749319908e-01 9.169404852573169729e-01
9.538896746817538963e-01 9.196822979001196829e-01 9.083451202263083113e-01
9.750843216189750695e-01 9.428353824393428395e-01 9.296050484169295913e-01
9.748667174409748615e-01 9.412251115221412778e-01 9.297791317593298022e-01
9.790882384941791416e-01 9.465128930475464886e-01 9.345446632575344914e-01
9.820694157327820584e-01 9.501686432379501390e-01 9.403982156457404429e-01
9.799804156239799724e-01 9.492547056903493097e-01 9.407463823305407535e-01
9.849417908823849821e-01 9.546512893047546244e-01 9.455989554999455482e-01
9.867696659775867518e-01 9.579153519747579670e-01 9.493199869437493055e-01
