7.104776411707104389e-01 5.643346752257643040e-01 4.453051898596452896e-01
7.591121749537591556e-01 5.553041018387553374e-01 4.513328255902513408e-01
7.733217277771733400e-01 5.620280709389620100e-01 4.520509193776520718e-01
7.782395821999782415e-01 5.764769883581765120e-01 4.612338156892612506e-01
7.803503427265803261e-01 5.773474050701773441e-01 4.612990969426613019e-01
7.614840604939614455e-01 5.885322598193885035e-01 4.740724621912740799e-01
7.850070721357850223e-01 5.919921662495919445e-01 4.768142748340767900e-01
7.845283429441844980e-01 5.913611141333913190e-01 4.738113371776738192e-01
7.971276248503971207e-01 5.940594059405940319e-01 4.814492438254814322e-01
7.904254161679904467e-01 5.971058644325970555e-01 4.766184310738766361e-01
