3.593798266306560407e+00 3.761018827954830002e+00 3.446722555364256202e+00
3.696325638466748220e+00 3.802540512820349772e+00 3.516417744585512484e+00
3.590170609561872173e+00 3.171126461490140436e+00 2.927398144725916307e+00
3.423208228091083605e+00 3.391922109455861367e+00 3.052522170854137684e+00
3.353338066255151073e+00 3.481884795829386370e+00 3.143066643138176186e+00
4.099072523345054009e+00 3.549725628262903054e+00 3.304422128379145285e+00
3.537381243739541326e+00 3.428446406839355198e+00 3.367700271878309781e+00
3.399170760380548106e+00 3.292775283347761039e+00 3.173166489641251253e+00
3.553804667246359017e+00 3.267258234268220818e+00 3.049578357163810427e+00
3.698252259330971903e+00 3.322737757768891242e+00 3.108576373696283923e+00
