7.317073170731706877e-02 1.779141104294478665e-02 9.718670076726342727e-03
7.342657342657342434e-02 1.917130488559060097e-02 9.814049586776859777e-03
7.583774250440916687e-02 1.877346683354192899e-02 1.254573967590172541e-02
7.205623901581721669e-02 2.000000000000000042e-02 1.099476439790575931e-02
7.637655417406749581e-02 1.880877742946708564e-02 1.097752221641400995e-02
7.407407407407406996e-02 1.882057716436637274e-02 1.105263157894736774e-02
7.597173144876324946e-02 2.010050251256281437e-02 1.051524710830704576e-02
7.570422535211267234e-02 1.948460087994971848e-02 1.000000000000000021e-02
7.610619469026548567e-02 2.008788449466415715e-02 1.156069364161849654e-02
7.651245551601423833e-02 2.006269592476489158e-02 1.107011070110701031e-02
