1.917808219178082293e-02 1.040907671489538873e-04 6.730380939561178858e-05
3.960396039603960444e-02 2.073183373069348073e-04 6.742633672712562188e-05
3.720930232558139483e-02 1.043187982474441916e-04 6.746272684341901495e-05
4.017857142857143155e-02 2.087029114056141008e-04 1.349254536868380299e-04
4.736842105263158048e-02 1.045150501672240784e-04 6.741270055278414278e-05
5.347593582887700397e-02 1.045478306325143766e-04 6.735367414292449818e-05
6.145251396648044456e-02 2.088991017338625385e-04 6.736274840013472133e-05
6.250000000000000000e-02 1.043732387015969119e-04 6.739452756436176985e-05
5.555555555555555247e-02 1.044713748432929439e-04 6.743543057522421839e-05
5.649717514124293766e-02 1.046243984097091473e-04 6.745817593092282840e-05
