9.884234577303884217e-01 9.651615711021651611e-01 9.578718311391578588e-01
9.884669785659884189e-01 9.654879773691654732e-01 9.582852790773582763e-01
9.885975410727886326e-01 9.658796648895658921e-01 9.588945707757589032e-01
9.885104994015885271e-01 9.658796648895658921e-01 9.588945707757589032e-01
9.886845827439887380e-01 9.659449461429659989e-01 9.588292895223587964e-01
9.885757806549885229e-01 9.659667065607659975e-01 9.591121749537591112e-01
9.886193014905886312e-01 9.660537482319661029e-01 9.590468937003590044e-01
9.885757806549885229e-01 9.660537482319661029e-01 9.590686541181591140e-01
9.886410619083886298e-01 9.660319878141659933e-01 9.590686541181591140e-01
9.887063431617887366e-01 9.659884669785659961e-01 9.591774562071592181e-01
