9.904718814041998387e-01 7.443104687375229345e-01 6.045304514480408509e-01
9.948369926813040998e-01 7.432518766970132029e-01 6.052386402960044931e-01
9.944908713472081496e-01 7.448626490630323449e-01 6.054515931535656703e-01
9.942773489486291805e-01 7.449826989619376949e-01 6.054782122607608175e-01
9.951825827744065212e-01 7.453417802385008395e-01 6.051587829744190516e-01
9.952890450335356576e-01 7.454080817760740940e-01 6.048232538330493568e-01
9.955283470854404682e-01 7.452086882453151651e-01 6.048659727952724330e-01
9.960072402044293227e-01 7.450228893857128165e-01 6.050523065456384630e-01
9.954752335577972122e-01 7.452285250352702617e-01 6.053128909473235453e-01
9.955553189790541380e-01 7.455944204866102876e-01 6.054354770017035259e-01
