3.638299743341699255e+00 3.517595421199620098e+00 3.826078838277288341e+00
3.500219049105195879e+00 3.527546699874851477e+00 3.294907639417081757e+00
3.596197652590837901e+00 3.623989878747187809e+00 3.591309575892901229e+00
3.684395004739577928e+00 3.596300738337398606e+00 3.516652510263759801e+00
3.778532640561169220e+00 3.641076975393833237e+00 3.472106175564884545e+00
3.621911933961710073e+00 3.713571704194808643e+00 3.595829865393811886e+00
3.722336336559148418e+00 3.650012574469888360e+00 3.578609548814957186e+00
3.761349341357149267e+00 3.794269758857882202e+00 3.537806465529512057e+00
3.701504272618118208e+00 3.641120178510037775e+00 3.547940839040424343e+00
3.941136073421666275e+00 3.870101683280240401e+00 3.692339458597519108e+00
