7.619047619047618625e-01 5.000000000000000000e-01 2.142857142857142738e-01
7.619047619047618625e-01 5.000000000000000000e-01 1.904761904761904656e-01
7.619047619047618625e-01 4.761904761904761640e-01 2.380952380952380820e-01
7.380952380952381375e-01 5.476190476190476719e-01 2.380952380952380820e-01
7.380952380952381375e-01 5.238095238095238360e-01 3.095238095238095344e-01
6.428571428571429047e-01 4.523809523809523836e-01 4.047619047619047672e-01
5.952380952380952328e-01 5.476190476190476719e-01 3.809523809523809312e-01
6.428571428571429047e-01 5.238095238095238360e-01 2.380952380952380820e-01
6.190476190476190688e-01 5.476190476190476719e-01 3.809523809523809312e-01
6.428571428571429047e-01 4.523809523809523836e-01 3.809523809523809312e-01
