1.904761904761904656e-01 4.761904761904761640e-02 2.380952380952380820e-02
1.904761904761904656e-01 9.523809523809523281e-02 2.380952380952380820e-02
2.142857142857142738e-01 9.523809523809523281e-02 7.142857142857142461e-02
2.142857142857142738e-01 7.142857142857142461e-02 7.142857142857142461e-02
1.904761904761904656e-01 1.190476190476190410e-01 7.142857142857142461e-02
2.142857142857142738e-01 9.523809523809523281e-02 7.142857142857142461e-02
1.666666666666666574e-01 9.523809523809523281e-02 9.523809523809523281e-02
1.428571428571428492e-01 9.523809523809523281e-02 9.523809523809523281e-02
1.428571428571428492e-01 1.428571428571428492e-01 9.523809523809523281e-02
1.428571428571428492e-01 1.428571428571428492e-01 9.523809523809523281e-02
