9.878794472853879016e-01 9.658579044717658935e-01 9.591774562071592181e-01
9.878794472853879016e-01 9.658361440539657838e-01 9.595038624741595301e-01
9.810466760961810140e-01 9.724948319007724606e-01 9.591992166249592167e-01
9.788923947339789322e-01 9.718855402023718337e-01 9.589380916113589004e-01
9.727124360787726687e-01 9.672723316287672457e-01 9.543031226199543138e-01
9.669894461973670419e-01 9.662713524099663109e-01 9.584811228375584857e-01
9.662713524099663109e-01 9.630290501577630780e-01 9.563703623109564012e-01
9.660755086497661015e-01 9.657926232183657866e-01 9.529974975519529545e-01
9.672723316287672457e-01 9.630290501577630780e-01 9.555869872701555634e-01
9.600696333369600488e-01 9.555869872701555634e-01 9.550647372429550419e-01
