8.136220215428136004e-01 6.062017190730062399e-01 4.893700359046893600e-01
8.136655423784137087e-01 6.061799586552061303e-01 4.893482754868893614e-01
8.136873027962137073e-01 6.061364378196061331e-01 4.894570775758894654e-01
8.134914590360134978e-01 6.063975628332064494e-01 4.894135567402894127e-01
8.132520944402132912e-01 6.046349689914046754e-01 4.913937547600913947e-01
8.130997715156130790e-01 6.063758024154063397e-01 4.896311609182896207e-01
8.127733652486127669e-01 6.065498857578065506e-01 4.895005984114895181e-01
8.104885213796104715e-01 6.074420628876074923e-01 4.905015776302905084e-01
8.090523338048090096e-01 6.055053857034055076e-01 4.920900881296920715e-01
8.067892503536068238e-01 6.030682189098031110e-01 4.952453487106952545e-01
