3.972305904657421838e+00 4.081618722155004875e+00 4.064371500879869537e+00
4.158027025045187841e+00 4.144066996230275635e+00 4.298192326043828615e+00
4.012856340874659367e+00 4.079764986792715931e+00 4.165488461180807178e+00
4.072343937813684533e+00 4.363808592851705193e+00 4.118071625507634614e+00
3.797350605452641137e+00 4.445844489477944528e+00 4.057050402048134607e+00
3.986172626683129216e+00 4.323094786360377029e+00 3.823532530485886927e+00
4.249515639158794933e+00 4.276453856953619237e+00 4.071492526023540393e+00
3.893662021678616192e+00 4.369081304190927106e+00 4.217136518299327896e+00
4.056067628273033243e+00 4.288218612634751459e+00 4.235891330453670278e+00
4.021655160070562118e+00 4.365353250213073188e+00 4.119322516049510163e+00
