9.892903168466427033e-01 9.795805003777273701e-01 9.747515146128687968e-01
9.895125094431853618e-01 9.799360085321957570e-01 9.749811136292964031e-01
9.895569479624939380e-01 9.800693240901212633e-01 9.751588677065304855e-01
9.896458250011109792e-01 9.800693240901212633e-01 9.752551511650328075e-01
9.901346487135048724e-01 9.805581478025152675e-01 9.756550978388089934e-01
9.901568679731591605e-01 9.806248055814780207e-01 9.755365951206527164e-01
9.901790872328134485e-01 9.805359285428609795e-01 9.755810336399614036e-01
9.902679642714304897e-01 9.807136826200950619e-01 9.758180390762737355e-01
9.904012798293561071e-01 9.808247789183663912e-01 9.758698840154671483e-01
9.904234990890103951e-01 9.809803137359462966e-01 9.760254188330466096e-01
