3.973509933774834607e-02 1.028594939312898565e-04 0.000000000000000000e+00
2.040816326530612082e-02 5.142974696564492961e-04 6.654245408570668601e-05
4.402515723270439968e-02 2.057189878625797130e-04 6.656460094521733000e-05
3.846153846153846367e-02 4.113533525298231400e-04 6.653802648213453835e-05
2.985074626865671585e-02 3.087372645878357536e-04 1.331646580997403260e-04
6.400000000000000133e-02 2.058884084826024163e-04 6.658232904987016300e-05
2.343750000000000000e-02 2.058248430585571690e-04 1.330849081714133720e-04
4.838709677419354704e-02 2.058884084826024163e-04 1.331292018904346600e-04
6.451612903225806273e-02 4.116496861171143381e-04 1.331114808652246126e-04
4.800000000000000100e-02 2.058672156459083968e-04 1.331203407880724300e-04
