5.076142131979695382e-02 1.084183673469387744e-02 3.224073078989790446e-03
5.821917808219177759e-02 1.471529110684581011e-02 4.849137931034482908e-03
5.972696245733788434e-02 1.276324186343331252e-02 5.844845908607863849e-03
6.076388888888888812e-02 1.600512163892445563e-02 3.779697624190064918e-03
6.217616580310880714e-02 1.471529110684581011e-02 4.867495943753380461e-03
6.423611111111110494e-02 1.410256410256410277e-02 5.396654074473826272e-03
6.206896551724137845e-02 1.538461538461538547e-02 4.841312533620225657e-03
6.585788561525129925e-02 1.411161000641436743e-02 4.314994606256741805e-03
6.357388316151202368e-02 1.545396007726980089e-02 5.399568034557235101e-03
6.770833333333332871e-02 1.476251604621309395e-02 5.952380952380952051e-03
