9.877924056141877962e-01 9.662495919921662013e-01 9.596344249809596327e-01
9.880317702099880028e-01 9.664889565879665190e-01 9.598085083233598436e-01
9.880100097921880042e-01 9.663366336633663067e-01 9.592862582961593221e-01
9.882276139701882123e-01 9.665542378413665148e-01 9.598520291589598408e-01
9.881840931345882151e-01 9.664889565879665190e-01 9.599608312479599448e-01
9.882711348057883205e-01 9.665324774235665162e-01 9.598955499945599490e-01
9.881623327167882165e-01 9.665759982591666244e-01 9.597432270699597368e-01
9.882711348057883205e-01 9.665542378413665148e-01 9.598302687411598422e-01
9.881405722989881069e-01 9.667283211837667256e-01 9.599173104123599476e-01
9.883146556413883177e-01 9.665977586769666230e-01 9.600261125013600516e-01
