9.961556816374145251e-01 7.422510937292854383e-01 6.013257324671881232e-01
9.961820929554312531e-01 7.423571523266604411e-01 6.015749284123449447e-01
9.959700938543931681e-01 7.422776083786292167e-01 6.017074981440238002e-01
9.966858445793673749e-01 7.422844416162901471e-01 6.015484144660091514e-01
9.965530955853109107e-01 7.424435252943047958e-01 6.018400678757026556e-01
9.968977860267798086e-01 7.424897255733793333e-01 6.018029961553758023e-01
9.966856688320296920e-01 7.424101816253479980e-01 6.015908789606257967e-01
9.968712713774360301e-01 7.424897255733793333e-01 6.017234522073445779e-01
9.969244637696529354e-01 7.424700392406405891e-01 6.016704229086570210e-01
9.968447567280922517e-01 7.424632109240355549e-01 6.017074981440238002e-01
