4.147130853093749181e+00 4.189949821875966762e+00 4.066150483705568419e+00
4.131070952081713266e+00 4.313662972129827189e+00 4.147167090598449235e+00
4.153190885348488237e+00 4.272726063189939971e+00 4.070742667498623568e+00
4.186323521810646042e+00 4.394830276094378263e+00 4.199064154884965205e+00
4.169832626874955928e+00 4.352119231883450290e+00 4.160896375107101086e+00
4.119727655391848486e+00 4.238992457603450781e+00 4.114255330146712630e+00
4.043705899357997957e+00 4.276143322769239141e+00 4.120993102852464673e+00
4.153181934785146190e+00 4.274755817090940546e+00 4.232182810913837301e+00
4.105197199832430144e+00 4.234133150551537383e+00 4.146763759745988764e+00
4.121488907133779911e+00 4.277792436476882010e+00 4.285595313205837087e+00
