1.578947368421052544e-01 0.000000000000000000e+00 0.000000000000000000e+00
1.578947368421052544e-01 0.000000000000000000e+00 0.000000000000000000e+00
1.578947368421052544e-01 0.000000000000000000e+00 0.000000000000000000e+00
1.578947368421052544e-01 0.000000000000000000e+00 0.000000000000000000e+00
1.578947368421052544e-01 0.000000000000000000e+00 0.000000000000000000e+00
1.578947368421052544e-01 0.000000000000000000e+00 0.000000000000000000e+00
1.578947368421052544e-01 0.000000000000000000e+00 0.000000000000000000e+00
1.578947368421052544e-01 0.000000000000000000e+00 0.000000000000000000e+00
1.578947368421052544e-01 0.000000000000000000e+00 0.000000000000000000e+00
1.578947368421052544e-01 0.000000000000000000e+00 0.000000000000000000e+00
