9.886845827439887380e-01 9.655314982047655814e-01 9.586769665977586952e-01
9.886628223261886284e-01 9.655097377869654718e-01 9.586987270155586938e-01
9.886845827439887380e-01 9.655314982047655814e-01 9.587422478511586910e-01
9.886845827439887380e-01 9.655314982047655814e-01 9.586552061799586966e-01
9.886845827439887380e-01 9.655097377869654718e-01 9.586552061799586966e-01
9.886628223261886284e-01 9.655314982047655814e-01 9.586769665977586952e-01
9.886410619083886298e-01 9.655097377869654718e-01 9.595038624741595301e-01
9.886628223261886284e-01 9.655097377869654718e-01 9.595038624741595301e-01
9.886410619083886298e-01 9.655314982047655814e-01 9.595256228919595287e-01
9.886410619083886298e-01 9.655097377869654718e-01 9.586116853443585883e-01
