8.146230007616146462e-01 6.104667609618105173e-01 4.947883799368947844e-01
8.146230007616146462e-01 6.103361984550103037e-01 4.947013382656946789e-01
8.146447611794146448e-01 6.103797192906104119e-01 4.947666195190947858e-01
8.146230007616146462e-01 6.104232401262104091e-01 4.947666195190947858e-01
8.146230007616146462e-01 6.103579588728104133e-01 4.947230986834947331e-01
8.146012403438146476e-01 6.104232401262104091e-01 4.947230986834947331e-01
8.145577195082145394e-01 6.102926776194103065e-01 4.947448591012947317e-01
8.145794799260145380e-01 6.104014797084104105e-01 4.947230986834947331e-01
8.146012403438146476e-01 6.103797192906104119e-01 4.947013382656946789e-01
8.145794799260145380e-01 6.103144380372103051e-01 4.947448591012947317e-01
