3.501031359631134876e+00 3.814854539209386886e+00 3.703257730756360555e+00
3.825563723915576197e+00 3.312062512250718793e+00 3.444476945999442652e+00
3.556236283233316975e+00 3.482293355507433130e+00 3.913714053482926669e+00
3.710039497589100677e+00 3.628266732573687925e+00 3.891918147744647616e+00
3.576161354476296239e+00 3.454670083784524781e+00 3.247724426395985908e+00
3.824404069127481431e+00 3.684854588829060695e+00 3.488416783386401931e+00
3.692441375363189060e+00 3.661916570067231813e+00 3.193485112184240471e+00
3.642152929726834021e+00 3.779372911688873682e+00 3.184098118224553797e+00
4.258745349760201471e+00 4.106511281755710563e+00 3.632469739559620159e+00
3.659649601793295570e+00 3.939886034615611266e+00 3.379978898086399841e+00
