3.243243243243243423e-01 3.173931443080829683e-04 1.344176355937899041e-04
3.243243243243243423e-01 3.173931443080829683e-04 1.344266702513778806e-04
3.157894736842105088e-01 3.175275190516511177e-04 1.343905389060610174e-04
3.157894736842105088e-01 3.177292946409659155e-04 1.343905389060610174e-04
3.157894736842105088e-01 3.173595683909869684e-04 1.344086021505376343e-04
3.243243243243243423e-01 3.173595683909869684e-04 1.343905389060610174e-04
3.076923076923077094e-01 3.172924378635642514e-04 1.344176355937899041e-04
3.243243243243243423e-01 3.173259995768986578e-04 1.343995699213762583e-04
3.157894736842105088e-01 3.173259995768986578e-04 1.344086021505376343e-04
3.157894736842105088e-01 3.173259995768986578e-04 1.343995699213762583e-04
