1.666666666666666574e-01 2.363896848137535950e-02 1.425030978934324621e-02
1.659919028340081093e-01 2.363896848137535950e-02 1.424148606811145509e-02
1.646586345381526040e-01 2.358827734095782572e-02 1.441102756892230496e-02
1.659919028340081093e-01 2.362204724409448786e-02 1.422387136672850945e-02
1.673469387755102122e-01 2.358827734095782572e-02 1.421508034610630480e-02
1.666666666666666574e-01 2.360515021459227633e-02 1.422387136672850945e-02
1.659919028340081093e-01 2.360515021459227633e-02 1.424148606811145509e-02
1.640000000000000069e-01 2.293906810035842292e-02 1.488833746898263026e-02
1.646586345381526040e-01 2.362204724409448786e-02 1.546072974644403276e-02
1.653225806451612823e-01 2.217453505007153242e-02 1.547029702970297016e-02
