9.955391143509955132e-01 9.703405505385703789e-01 9.653791752801653692e-01
9.955173539331955146e-01 9.703405505385703789e-01 9.653574148623653706e-01
9.954738330975955174e-01 9.702752692851702720e-01 9.657708628005657880e-01
9.955173539331955146e-01 9.703187901207702692e-01 9.653138940267652623e-01
9.955608747687955118e-01 9.702752692851702720e-01 9.652921336089652637e-01
9.955391143509955132e-01 9.702970297029702706e-01 9.653138940267652623e-01
9.955173539331955146e-01 9.702970297029702706e-01 9.653574148623653706e-01
9.954520726797954078e-01 9.703405505385703789e-01 9.654444565335654760e-01
9.954738330975955174e-01 9.703187901207702692e-01 9.653574148623653706e-01
9.954955935153955160e-01 9.702535088673702734e-01 9.653791752801653692e-01
