9.993319259239464847e-01 7.474947222147991788e-01 6.024424788220518190e-01
9.993319259239464847e-01 7.474947222147991788e-01 6.024692017850938885e-01
9.993052029609043041e-01 7.476016140669677901e-01 6.023623099329253883e-01
9.993052029609043041e-01 7.477619518452206515e-01 6.023623099329253883e-01
9.993052029609043041e-01 7.474679992517569982e-01 6.024157558590096384e-01
9.993319259239464847e-01 7.474679992517569982e-01 6.023623099329253883e-01
9.992784799978621235e-01 7.474145533256727481e-01 6.024424788220518190e-01
9.993319259239464847e-01 7.474412762887149286e-01 6.023890328959674578e-01
9.993052029609043041e-01 7.474412762887149286e-01 6.024157558590096384e-01
9.993052029609043041e-01 7.474412762887149286e-01 6.023890328959674578e-01
