3.967224375001328074e+00 3.509575955884596254e+00 3.488265960959668899e+00
3.913841458197220735e+00 4.317964441712319079e+00 3.990578859613885143e+00
3.691116854203200237e+00 4.207215576469001128e+00 4.133109018301054149e+00
4.049159972307091238e+00 3.954165199627317051e+00 3.317624399732037155e+00
3.782393624989332181e+00 4.354613630258162615e+00 4.101674517691558997e+00
4.106712084554694719e+00 4.353827911860237876e+00 3.903059188669812052e+00
4.002179391200549219e+00 4.193804350972633266e+00 3.693067937356912189e+00
4.020670569936156902e+00 4.506493721767092175e+00 3.521308425961857669e+00
3.831333804485528294e+00 4.478498608408444603e+00 3.996428158071221315e+00
3.883180558543156913e+00 4.411434367543429325e+00 4.056523731798601595e+00
