9.820690574590054123e-01 9.730147091498910772e-01 9.678339184405081452e-01
9.814024796693774366e-01 9.727258587743856655e-01 9.676635707831559019e-01
9.765809003244011466e-01 9.680153757276807047e-01 9.627383015597930083e-01
9.806025863218237326e-01 9.735590810114207461e-01 9.686412182079453537e-01
9.756032528996133601e-01 9.666600008887703543e-01 9.614199588203082847e-01
9.819357419010799060e-01 9.724258987690530542e-01 9.665155757010184256e-01
9.723814602497444781e-01 9.699928898369106767e-01 9.646639707298320099e-01
9.695596142736524481e-01 9.654823801270941974e-01 9.603164022574801617e-01
9.664933564413633604e-01 9.657379016131182325e-01 9.600645839813979343e-01
9.651157623427987220e-01 9.626827534106563444e-01 9.585462679050223977e-01
