7.333333333333332815e-01 5.999999999999999778e-01 3.555555555555555691e-01
7.777777777777777901e-01 6.444444444444444864e-01 3.555555555555555691e-01
7.555555555555555358e-01 6.666666666666666297e-01 3.555555555555555691e-01
7.777777777777777901e-01 6.444444444444444864e-01 3.333333333333333148e-01
8.222222222222221877e-01 6.222222222222222321e-01 3.111111111111111160e-01
7.777777777777777901e-01 6.222222222222222321e-01 3.555555555555555691e-01
7.555555555555555358e-01 5.999999999999999778e-01 3.777777777777777679e-01
8.444444444444444420e-01 6.222222222222222321e-01 3.333333333333333148e-01
8.000000000000000444e-01 5.777777777777777235e-01 4.222222222222222210e-01
7.777777777777777901e-01 5.999999999999999778e-01 3.333333333333333148e-01
