1.555555555555555580e-01 1.111111111111111049e-01 4.444444444444444614e-02
1.555555555555555580e-01 1.111111111111111049e-01 4.444444444444444614e-02
1.555555555555555580e-01 1.111111111111111049e-01 4.444444444444444614e-02
1.555555555555555580e-01 1.111111111111111049e-01 4.444444444444444614e-02
1.555555555555555580e-01 1.111111111111111049e-01 4.444444444444444614e-02
2.000000000000000111e-01 8.888888888888889228e-02 4.444444444444444614e-02
1.777777777777777846e-01 8.888888888888889228e-02 4.444444444444444614e-02
1.555555555555555580e-01 1.111111111111111049e-01 4.444444444444444614e-02
1.777777777777777846e-01 8.888888888888889228e-02 6.666666666666666574e-02
1.777777777777777846e-01 8.888888888888889228e-02 4.444444444444444614e-02
