9.668153628549668310e-01 9.239255793711239617e-01 9.022957240779022614e-01
9.710804047437711084e-01 9.313676422587313652e-01 9.164617560657164486e-01
9.672070503753672499e-01 9.215972146665215581e-01 9.109346099445109202e-01
9.797845718637797630e-01 9.507561745185507673e-01 9.408987052551408548e-01
9.839190512457839377e-01 9.529104558807529601e-01 9.437057991513436717e-01
9.887716244151887324e-01 9.590686541181591140e-01 9.531715808943531654e-01
9.921662495919921776e-01 9.647046023283647465e-01 9.579588728103579642e-01
9.918616037427918641e-01 9.650962898487650543e-01 9.585681645087585911e-01
9.892721140245892553e-01 9.613752584049614081e-01 9.552170601675552541e-01
9.929496246327929043e-01 9.663801544989664150e-01 9.610053313023609878e-01
