7.361984550103362057e-01 5.623544772059623220e-01 4.560548362528560329e-01
7.315199651833315109e-01 5.687738004569687922e-01 4.686105973234686028e-01
7.391143509955391266e-01 6.037427918616037337e-01 4.767925144162767914e-01
7.869437493199868960e-01 5.954520726797954966e-01 4.841257752148841464e-01
7.768251550429767782e-01 6.013056250680013370e-01 4.886084212816886319e-01
7.965618539875966020e-01 6.055271461212055062e-01 4.884778587748884737e-01
7.992166249591992067e-01 6.050919377652050901e-01 4.928081819170928024e-01
8.095310629964095339e-01 6.046567294092046740e-01 4.898487650962898288e-01
7.971276248503971207e-01 6.105102817974105145e-01 4.926558589924926457e-01
8.085083233598084895e-01 6.084430421064084271e-01 4.920683277118920729e-01
