3.889732394622010148e+00 3.462037409632824581e+00 3.346227520543128442e+00
3.763629026752228324e+00 3.462526083709455360e+00 3.396043021142537199e+00
3.451561337327556434e+00 3.225403430770667601e+00 3.011387832680462395e+00
3.336816877888038491e+00 3.114785710656480244e+00 3.131861392705178826e+00
3.649596576299235728e+00 3.193218863120878659e+00 3.256386653562519662e+00
3.695398247832741401e+00 3.258985562870455599e+00 3.062624251248367013e+00
3.348347681122017860e+00 3.246894056387965577e+00 3.226518586822093582e+00
3.305476171200987690e+00 3.273377592658957891e+00 3.285337618910609603e+00
3.512421603404773496e+00 3.366286733145123833e+00 3.140198481646683693e+00
3.351193186960306658e+00 3.172360624241714167e+00 3.034174086343770060e+00
