9.755365951206506070e-01 9.650268853041816808e-01 9.596572308877348023e-01
9.771586010754121920e-01 9.667822068168688832e-01 9.608941030084895418e-01
9.797138159356529874e-01 9.702261920632804237e-01 9.648269119672951977e-01
9.790027996267164356e-01 9.687263920366173675e-01 9.630049326756442429e-01
9.792916500022219584e-01 9.679598275785450401e-01 9.631530610733386455e-01
9.762920499488957349e-01 9.664711371817090724e-01 9.617384348753502676e-01
9.756476914189219363e-01 9.647935830778118227e-01 9.593461612525757687e-01
9.729147224814469475e-01 9.639048126916410775e-01 9.594720703906183257e-01
9.764031462471670642e-01 9.660267519886237553e-01 9.612792368424957212e-01
9.785806336932852956e-01 9.688263787050614972e-01 9.637826067635426597e-01
