9.307870061769542014e-01 9.194551837532773941e-01 9.133226680886897819e-01
9.326534239879127330e-01 9.164778029596053477e-01 9.144780695907087642e-01
9.059458738834822444e-01 9.158778829489401252e-01 9.168629367936041996e-01
8.853486201839754210e-01 8.775607696751543951e-01 8.727799256395494254e-01
8.695285073101364226e-01 8.806825756565791474e-01 8.823638329704115435e-01
8.872816957738968169e-01 8.832266808869928543e-01 8.912811625116559000e-01
9.220770563924810537e-01 9.042127716304492191e-01 9.035461938408159144e-01
9.499622272585876992e-01 9.292983157801182337e-01 9.259209883126602314e-01
9.456516908856597015e-01 9.282206816868862065e-01 9.294390377579223594e-01
9.494511842865395179e-01 9.365195751677554137e-01 9.326682368276740798e-01
