3.590757647416404463e+00 3.653424643832055896e+00 3.599607586942155546e+00
3.605021826252419626e+00 3.542065214503407500e+00 3.552441652443807385e+00
3.543131432711385642e+00 3.651000050533417696e+00 3.637135975620981565e+00
3.360072641214491451e+00 3.419782284008610507e+00 3.410790896802819550e+00
3.502929133907398018e+00 3.554517307470904885e+00 3.544962108202723172e+00
3.581325572733683682e+00 3.532929051468979953e+00 3.564397921503231093e+00
3.666491577300197591e+00 3.593169753292444479e+00 3.588409160654754793e+00
3.782347792437912748e+00 3.743321914668352068e+00 3.715780038945670327e+00
3.769498273779300579e+00 3.741697513410001008e+00 3.749246154458222069e+00
3.648938203208653697e+00 3.722729973934640668e+00 3.702779946383320198e+00
