2.790697674418604612e-01 4.651162790697674354e-02 4.651162790697674354e-02
2.558139534883721034e-01 6.976744186046511531e-02 4.651162790697674354e-02
2.790697674418604612e-01 4.651162790697674354e-02 4.651162790697674354e-02
2.790697674418604612e-01 4.651162790697674354e-02 4.651162790697674354e-02
2.790697674418604612e-01 4.651162790697674354e-02 4.651162790697674354e-02
2.790697674418604612e-01 4.651162790697674354e-02 4.651162790697674354e-02
2.790697674418604612e-01 4.651162790697674354e-02 4.651162790697674354e-02
2.790697674418604612e-01 4.651162790697674354e-02 4.651162790697674354e-02
2.790697674418604612e-01 4.651162790697674354e-02 4.651162790697674354e-02
2.790697674418604612e-01 4.651162790697674354e-02 4.651162790697674354e-02
