8.837209302325581550e-01 6.744186046511627675e-01 4.883720930232557933e-01
8.837209302325581550e-01 6.744186046511627675e-01 4.883720930232557933e-01
8.837209302325581550e-01 6.744186046511627675e-01 4.883720930232557933e-01
8.837209302325581550e-01 6.976744186046511809e-01 4.651162790697674354e-01
8.837209302325581550e-01 7.209302325581394832e-01 4.418604651162790775e-01
8.837209302325581550e-01 7.209302325581394832e-01 4.418604651162790775e-01
8.837209302325581550e-01 7.209302325581394832e-01 4.418604651162790775e-01
8.837209302325581550e-01 7.209302325581394832e-01 4.186046511627907196e-01
8.837209302325581550e-01 7.209302325581394832e-01 4.186046511627907196e-01
8.837209302325581550e-01 7.209302325581394832e-01 4.186046511627907196e-01
