9.952127080839952011e-01 9.713632901751713122e-01 9.657491023827657894e-01
9.953650310085954134e-01 9.712544880861712082e-01 9.658143836361657852e-01
9.954085518441954106e-01 9.713632901751713122e-01 9.659014253073658907e-01
9.961484060493961401e-01 9.710368839081710002e-01 9.661843107387662055e-01
9.955608747687955118e-01 9.709933630725710030e-01 9.660755086497661015e-01
9.966053748231965548e-01 9.716896964421717353e-01 9.661190294853660987e-01
9.967141769121966588e-01 9.710804047437711084e-01 9.664889565879665190e-01
9.955608747687955118e-01 9.707975193123707935e-01 9.657055815471656812e-01
9.961701664671961387e-01 9.708410401479707907e-01 9.657926232183657866e-01
9.954955935153955160e-01 9.706016755521705841e-01 9.659884669785659961e-01
