8.167555217060167294e-01 6.101403546948100942e-01 4.919160047872919161e-01
8.167555217060167294e-01 6.101403546948100942e-01 4.919377652050919147e-01
8.168208029594168362e-01 6.101838755304102024e-01 4.918289631160918107e-01
8.167555217060167294e-01 6.102273963660101996e-01 4.919160047872919161e-01
8.167772821238167280e-01 6.101403546948100942e-01 4.919160047872919161e-01
8.167772821238167280e-01 6.100968338592100970e-01 4.918942443694919175e-01
8.168425633772168348e-01 6.100968338592100970e-01 4.919160047872919161e-01
8.167990425416168376e-01 6.100968338592100970e-01 4.919160047872919161e-01
8.168208029594168362e-01 6.101838755304102024e-01 4.918724839516918634e-01
8.168425633772168348e-01 6.102273963660101996e-01 4.918724839516918634e-01
