2.454922608519070071e+00 3.464644435376704745e+00 2.908371565998456809e+00
2.706160768127141569e+00 3.348747117781669225e+00 2.623356806480882319e+00
2.605167053835539814e+00 2.747398214557922547e+00 2.958934686325578767e+00
3.098759591913985201e+00 2.734195110840589305e+00 2.592501515302444215e+00
2.671555484271635361e+00 3.100104199524072346e+00 3.035362078949298770e+00
3.058819713836169019e+00 2.856040919694872837e+00 2.829871396507102510e+00
2.983578518852459283e+00 3.032978794725322391e+00 3.187644168758410501e+00
3.231019082694939204e+00 3.068539479832518957e+00 3.167643785182916893e+00
3.149908654553935872e+00 3.133761245330352718e+00 2.839257898469389474e+00
3.201468264312858469e+00 3.078459054546066387e+00 3.054303825381346371e+00
