9.886015197973603286e-01 9.797471448251344750e-01 9.752255254854940159e-01
9.881571346042750115e-01 9.794360751899746642e-01 9.749811136292974023e-01
9.884682042394347112e-01 9.801026529796027509e-01 9.754995630212308644e-01
9.890014664711371806e-01 9.800804337199484628e-01 9.754847501814610800e-01
9.890014664711371806e-01 9.801359818690841275e-01 9.754329052422675561e-01
9.892014398080255511e-01 9.803581744656267860e-01 9.757143491978884642e-01
9.895791672221481150e-01 9.804914900235524033e-01 9.759661674739699144e-01
9.890236857307914686e-01 9.802470781673554567e-01 9.756180657393862532e-01
9.890681242500999337e-01 9.800248855708127982e-01 9.754625309218062368e-01
9.891570012887170860e-01 9.802470781673554567e-01 9.755884400598470174e-01
