2.549019607843137081e-01 7.843137254901960675e-02 7.843137254901960675e-02
2.549019607843137081e-01 7.843137254901960675e-02 7.843137254901960675e-02
2.549019607843137081e-01 7.843137254901960675e-02 7.843137254901960675e-02
2.549019607843137081e-01 7.843137254901960675e-02 7.843137254901960675e-02
2.549019607843137081e-01 7.843137254901960675e-02 7.843137254901960675e-02
2.549019607843137081e-01 7.843137254901960675e-02 7.843137254901960675e-02
2.549019607843137081e-01 7.843137254901960675e-02 7.843137254901960675e-02
2.549019607843137081e-01 7.843137254901960675e-02 7.843137254901960675e-02
2.549019607843137081e-01 7.843137254901960675e-02 7.843137254901960675e-02
2.549019607843137081e-01 7.843137254901960675e-02 7.843137254901960675e-02
