9.607843137254902244e-01 7.254901960784313486e-01 5.686274509803921351e-01
9.607843137254902244e-01 7.254901960784313486e-01 5.294117647058823595e-01
9.607843137254902244e-01 7.254901960784313486e-01 5.686274509803921351e-01
9.607843137254902244e-01 7.254901960784313486e-01 5.490196078431373028e-01
9.607843137254902244e-01 7.254901960784313486e-01 5.294117647058823595e-01
9.607843137254902244e-01 7.254901960784313486e-01 5.490196078431373028e-01
9.607843137254902244e-01 7.254901960784313486e-01 5.294117647058823595e-01
9.607843137254902244e-01 7.254901960784313486e-01 5.294117647058823595e-01
9.607843137254902244e-01 7.254901960784313486e-01 5.294117647058823595e-01
9.607843137254902244e-01 7.254901960784313486e-01 5.294117647058823595e-01
