9.951256664127950957e-01 9.706234359699705827e-01 9.660972690675661001e-01
9.951256664127950957e-01 9.704493526275704829e-01 9.666630399303666188e-01
9.951256664127950957e-01 9.704058317919703747e-01 9.665977586769666230e-01
9.951256664127950957e-01 9.703623109563703775e-01 9.665107170057665176e-01
9.951039059949950971e-01 9.705799151343705855e-01 9.662495919921662013e-01
9.951474268305950943e-01 9.703623109563703775e-01 9.662060711565662041e-01
9.951474268305950943e-01 9.704275922097703733e-01 9.659449461429659989e-01
9.952127080839952011e-01 9.709716026547710044e-01 9.664236753345664122e-01
9.951474268305950943e-01 9.703405505385703789e-01 9.664019149167664136e-01
9.951256664127950957e-01 9.707539984767707963e-01 9.658579044717658935e-01
