8.169078446306169417e-01 6.113154172560113508e-01 4.964856925252965070e-01
8.169078446306169417e-01 6.113154172560113508e-01 4.964856925252965070e-01
8.169078446306169417e-01 6.113154172560113508e-01 4.965074529430965056e-01
8.169078446306169417e-01 6.113371776738113494e-01 4.965074529430965056e-01
8.169078446306169417e-01 6.113154172560113508e-01 4.964856925252965070e-01
8.169078446306169417e-01 6.113589380916113480e-01 4.964856925252965070e-01
8.169078446306169417e-01 6.113154172560113508e-01 4.965074529430965056e-01
8.169078446306169417e-01 6.113589380916113480e-01 4.964856925252965070e-01
8.169078446306169417e-01 6.113154172560113508e-01 4.965074529430965056e-01
8.169078446306169417e-01 6.113589380916113480e-01 4.964856925252965070e-01
