4.349905294164270408e+00 4.832457642817407972e+00 4.167334199727359412e+00
5.094207604467701600e+00 5.056808669226911412e+00 4.352208985613048142e+00
4.917130332796876502e+00 5.021171066063837785e+00 4.715689721467588136e+00
4.685734965136255425e+00 4.805205928809221483e+00 4.574018387705228506e+00
4.911096364000695047e+00 4.899897159225888643e+00 4.794305629416276027e+00
4.815536926039007959e+00 4.881948169740423893e+00 4.606254869770092242e+00
4.839145501623452361e+00 5.001303426177967637e+00 4.704888623404090531e+00
4.944416537072943818e+00 4.658195505283158511e+00 4.614584849292910462e+00
4.785880942683845340e+00 4.892592196347603561e+00 4.657403062235722757e+00
4.691698293051150159e+00 4.578531675273985080e+00 4.417729922817470012e+00
