4.384334495655809683e+00 4.160989800888869716e+00 4.053347286977987629e+00
4.307102232853879720e+00 4.041010061164199918e+00 3.860681833165964250e+00
4.233196821706382451e+00 3.947632195943903355e+00 3.896754226469172799e+00
3.986557981039408727e+00 3.902605411802625657e+00 3.759717257068250440e+00
4.036768179732972861e+00 3.923163451751148667e+00 3.812638666539802212e+00
4.290893084721165707e+00 3.980968278427495566e+00 3.827857583399770114e+00
4.373083441764094914e+00 4.005620000974696282e+00 3.891143351358818947e+00
4.403022909198715418e+00 3.957390096808383717e+00 3.905926915765874696e+00
4.509313976617333353e+00 4.121923882670588846e+00 4.108837045551199552e+00
4.459635635950243149e+00 4.049186064222154435e+00 3.932677132995943126e+00
