7.631578947368421462e-01 6.315789473684210176e-01 2.105263157894736725e-01
7.894736842105263275e-01 5.789473684210526550e-01 1.842105263157894635e-01
6.842105263157894912e-01 4.736842105263157632e-01 1.842105263157894635e-01
7.368421052631578538e-01 5.263157894736841813e-01 1.578947368421052544e-01
6.578947368421053099e-01 3.684210526315789269e-01 2.368421052631578816e-01
2.368421052631578816e-01 1.052631578947368363e-01 5.263157894736841813e-02
2.368421052631578816e-01 1.842105263157894635e-01 1.578947368421052544e-01
1.315789473684210453e-01 5.263157894736841813e-02 7.894736842105262720e-02
0.000000000000000000e+00 5.263157894736841813e-02 0.000000000000000000e+00
0.000000000000000000e+00 0.000000000000000000e+00 0.000000000000000000e+00
