2.105263157894736725e-01 0.000000000000000000e+00 0.000000000000000000e+00
2.105263157894736725e-01 0.000000000000000000e+00 0.000000000000000000e+00
2.105263157894736725e-01 0.000000000000000000e+00 0.000000000000000000e+00
1.842105263157894635e-01 0.000000000000000000e+00 0.000000000000000000e+00
1.842105263157894635e-01 2.631578947368420907e-02 0.000000000000000000e+00
5.263157894736841813e-02 2.631578947368420907e-02 0.000000000000000000e+00
5.263157894736841813e-02 0.000000000000000000e+00 0.000000000000000000e+00
0.000000000000000000e+00 0.000000000000000000e+00 0.000000000000000000e+00
0.000000000000000000e+00 0.000000000000000000e+00 0.000000000000000000e+00
0.000000000000000000e+00 0.000000000000000000e+00 0.000000000000000000e+00
