9.775867696659775730e-01 9.636165814383635952e-01 9.543248830377543124e-01
9.698183005113698574e-01 9.591992166249592167e-01 9.533891850723533734e-01
9.728212381677727727e-01 9.618104667609618241e-01 9.513437057991513957e-01
9.661190294853660987e-01 9.561092372973560849e-01 9.481666848003481585e-01
9.381568926123381447e-01 9.246654335763246912e-01 9.060385159395060173e-01
8.071591774562071331e-01 7.809813948427809516e-01 7.432488303775433014e-01
8.314220433032314395e-01 8.044608856490044202e-01 7.818735719725818933e-01
8.028070938962028613e-01 7.992166249591992067e-01 7.732346861059732346e-01
7.604613208573605121e-01 7.603525187683602971e-01 7.553041018387552930e-01
7.414209552823414207e-01 7.489500598411489296e-01 7.501468828201501848e-01
