8.091611358938091136e-01 6.065063649222065534e-01 4.965727341964965569e-01
8.095745838320095311e-01 6.063322815798063425e-01 4.961375258404961408e-01
8.092916984006093273e-01 6.038298335328038391e-01 4.932216298552932199e-01
8.025459688826025451e-01 6.010227396366010222e-01 4.903274942878903531e-01
7.861386138613861707e-01 5.860298117723860001e-01 4.738548580132738719e-01
6.916113589380915583e-01 4.520726797954520704e-01 4.081601566750081567e-01
6.955282341420955250e-01 5.103688390817103793e-01 4.150582091176150401e-01
6.426504188880426405e-01 4.476553149820476363e-01 3.936024371667936061e-01
6.259819388532259499e-01 4.513981068436513922e-01 3.948210205635948045e-01
6.177129800892177114e-01 4.087476879556087295e-01 3.729300402567729544e-01
