3.950849901790721042e+00 3.957001896369125138e+00 3.878842359795405148e+00
3.934443221347691644e+00 4.004275542841361002e+00 3.863063327570047445e+00
3.727300590724726082e+00 3.832132627602426567e+00 3.709622931421119763e+00
3.368002238812171978e+00 3.618712415581428310e+00 3.457791778493552126e+00
3.340125626711174966e+00 3.410771356782805963e+00 3.162106567011206959e+00
2.980557949050158140e+00 2.658794662830877176e+00 2.585281942450621262e+00
3.180852059004048993e+00 3.046718056978080291e+00 3.007391382278539194e+00
3.067723629964277610e+00 2.961398830677388183e+00 3.147272138662015717e+00
3.155723519742844818e+00 3.100726385024371368e+00 3.331578812564353065e+00
3.185704246406598994e+00 3.295951543401444805e+00 3.331472211677407813e+00
