9.836021863751499561e-01 9.735035328622850814e-01 9.691300419203399130e-01
9.844687375016664133e-01 9.748589077011954318e-01 9.699151224281240546e-01
9.846464915789006067e-01 9.750477714082567138e-01 9.702261920632841985e-01
9.847798071368262240e-01 9.749700039994667611e-01 9.702706305825932187e-01
9.850908767719859238e-01 9.754588277118606543e-01 9.707002029359084183e-01
9.854686041861084878e-01 9.761809536506244056e-01 9.713519678857670536e-01
9.858685508598853398e-01 9.760698573523529653e-01 9.712334651676111097e-01
9.855574812247256400e-01 9.761254055014887410e-01 9.712260587477259399e-01
9.859574278985023810e-01 9.766253388437097227e-01 9.718111659186220441e-01
9.860907434564279983e-01 9.767031062524996754e-01 9.718556044379303982e-01
