5.434782608695651884e-01 2.608695652173912971e-01 1.304347826086956486e-01
5.869565217391304879e-01 3.043478260869565410e-01 1.304347826086956486e-01
5.869565217391304879e-01 3.043478260869565410e-01 2.826086956521738913e-01
5.434782608695651884e-01 3.695652173913043237e-01 2.173913043478260809e-01
6.521739130434782705e-01 4.130434782608695676e-01 1.956521739130434867e-01
5.652173913043477826e-01 4.130434782608695676e-01 2.608695652173912971e-01
6.739130434782608647e-01 3.913043478260869734e-01 2.391304347826087029e-01
6.521739130434782705e-01 4.347826086956521618e-01 2.391304347826087029e-01
7.391304347826086474e-01 4.565217391304347561e-01 2.173913043478260809e-01
6.739130434782608647e-01 4.130434782608695676e-01 2.826086956521738913e-01
