9.717148824601163914e-01 9.703706172510332406e-01 9.653749870387683396e-01
9.740701239834688163e-01 9.729147224814469475e-01 9.691448547601093644e-01
9.604719370750566254e-01 9.585944096342710052e-01 9.558281118073176374e-01
9.616273385770786053e-01 9.584610940763453879e-01 9.549763735205669679e-01
9.572057059058791673e-01 9.561614007021286277e-01 9.532506776874193344e-01
9.417855397058170208e-01 9.377194151890858587e-01 9.338162319098211039e-01
9.485846331600230608e-01 9.479736035195307498e-01 9.459997926202458052e-01
9.493845265075767648e-01 9.478069590721237558e-01 9.452443377919993450e-01
9.532951162067280215e-01 9.510287517219926379e-01 9.484661304418685601e-01
9.323423543527529223e-01 9.278540639025907311e-01 9.244693300152587723e-01
