4.023882468396992707e+00 4.049692553282351781e+00 4.053570815968292607e+00
3.932111338601373962e+00 3.973017117085992922e+00 3.994518332488182555e+00
4.057014032349165689e+00 4.104586933101352919e+00 4.153009200924811850e+00
3.912554701635165166e+00 3.945926287151654943e+00 3.965590895802697080e+00
3.922702629824705411e+00 3.942174455740241612e+00 3.956399315262265404e+00
3.753821170645809335e+00 3.860520813865298884e+00 3.908476207534808733e+00
3.821622515835823464e+00 3.857344522336836334e+00 3.883615938898425046e+00
3.825588799993918876e+00 3.894423816983775044e+00 3.910945881293096615e+00
3.842250508255177444e+00 3.875221393642460210e+00 3.895781925827350722e+00
3.788976048071423630e+00 3.816644207181989046e+00 3.838619268313047339e+00
