8.652846287161711780e-01 8.609296538239346042e-01 8.615814187737926844e-01
8.634626494245212225e-01 8.561858418877482668e-01 8.498940881956504878e-01
9.102564102564102422e-01 8.743167577656312250e-01 8.585225673613893216e-01
9.203439541394480283e-01 8.872372572545882408e-01 8.711134811654730470e-01
9.642269919566279768e-01 9.307536772874728248e-01 9.093972655497760682e-01
9.199217882060169993e-01 8.861596231613562136e-01 8.669806988697781325e-01
9.305425943207572548e-01 9.088343776385371386e-01 8.967841324860372776e-01
9.283873261342932004e-01 9.007687863840376785e-01 8.854893421617852090e-01
8.889703595076211551e-01 8.582411234057680804e-01 8.462056910930358944e-01
8.712838288228236250e-01 8.547749188997022518e-01 8.415396465656447278e-01
