9.375000000000000000e-01 5.937500000000000000e-01 3.750000000000000000e-01
9.375000000000000000e-01 5.937500000000000000e-01 3.750000000000000000e-01
9.375000000000000000e-01 5.937500000000000000e-01 3.750000000000000000e-01
9.375000000000000000e-01 5.937500000000000000e-01 3.750000000000000000e-01
9.375000000000000000e-01 5.937500000000000000e-01 3.750000000000000000e-01
9.375000000000000000e-01 5.937500000000000000e-01 3.750000000000000000e-01
9.062500000000000000e-01 5.937500000000000000e-01 4.062500000000000000e-01
9.375000000000000000e-01 5.937500000000000000e-01 3.750000000000000000e-01
9.062500000000000000e-01 5.937500000000000000e-01 3.750000000000000000e-01
9.062500000000000000e-01 5.625000000000000000e-01 3.750000000000000000e-01
