9.954738330975955174e-01 9.698835817647698532e-01 9.656185398759655758e-01
9.954738330975955174e-01 9.699053421825698518e-01 9.656185398759655758e-01
9.951039059949950971e-01 9.697747796757697492e-01 9.655097377869654718e-01
9.954738330975955174e-01 9.699488630181699600e-01 9.656620607115656840e-01
9.954955935153955160e-01 9.699488630181699600e-01 9.655967794581655772e-01
9.954520726797954078e-01 9.699271026003699614e-01 9.656403002937656854e-01
9.951474268305950943e-01 9.697094984223697534e-01 9.655097377869654718e-01
9.953432705907953038e-01 9.698183005113698574e-01 9.655314982047655814e-01
9.950603851593950999e-01 9.696442171689696465e-01 9.651833315199651597e-01
9.952562289195953094e-01 9.694266129909694385e-01 9.654444565335654760e-01
