8.170819279730170415e-01 6.106190838864106185e-01 4.955717549776955666e-01
8.171254488086171497e-01 6.105320422152105131e-01 4.956587966488956720e-01
8.170819279730170415e-01 6.105755630508106213e-01 4.955935153954956207e-01
8.171036883908171511e-01 6.105538026330105117e-01 4.955935153954956207e-01
8.170819279730170415e-01 6.106190838864106185e-01 4.956370362310956179e-01
8.171036883908171511e-01 6.105755630508106213e-01 4.955935153954956207e-01
8.170384071374170443e-01 6.106190838864106185e-01 4.956152758132956193e-01
8.170819279730170415e-01 6.105755630508106213e-01 4.956152758132956193e-01
8.167990425416168376e-01 6.105538026330105117e-01 4.954847133064954612e-01
8.168208029594168362e-01 6.103579588728104133e-01 4.954629528886954626e-01
