3.895640118962350851e+00 4.173050802524109315e+00 3.658066655523860344e+00
3.641476405069025368e+00 4.156402509253092958e+00 4.095817904749810445e+00
3.825421303028595066e+00 3.983267441496831207e+00 4.069981825204464165e+00
3.706896357593097768e+00 3.602984411068301362e+00 3.853713436194126984e+00
3.584868827346049613e+00 3.817257312091279609e+00 3.957007313515291447e+00
3.629301710000925496e+00 3.603996828329989910e+00 3.900992068206426300e+00
3.717227934340067819e+00 3.445310331195288178e+00 3.725933343476120374e+00
3.656386504839491014e+00 3.497505570064168623e+00 3.737876841174159637e+00
3.716819465758250285e+00 3.407596276876657893e+00 3.710031872002360842e+00
3.724476227353982871e+00 3.404641983980795761e+00 3.728814887804856593e+00
