9.880682575656578592e-01 9.784028796160512131e-01 9.735664874313095796e-01
9.887126160956316578e-01 9.792916500022219584e-01 9.744108192981720817e-01
9.883348886815090939e-01 9.787250588810381124e-01 9.739071827460080710e-01
9.888681509132115632e-01 9.794582944496289523e-01 9.744774770771345018e-01
9.890014664711371806e-01 9.796360485268630347e-01 9.746922632537924347e-01
9.853575078878371585e-01 9.798471314935786047e-01 9.751366484468783069e-01
9.889348086921744274e-01 9.797693640847886520e-01 9.747811402924093649e-01
9.892903168466427033e-01 9.799360085321957570e-01 9.748922365906801391e-01
9.892680975869884152e-01 9.798026929742701396e-01 9.749737072094132317e-01
9.892680975869884152e-01 9.796471581566902342e-01 9.750181457287215858e-01
