4.804011598999664123e+00 4.366892802647130978e+00 4.264640443455977703e+00
4.701988394362151880e+00 4.280880163459324983e+00 4.061017243962219858e+00
4.613101189547348824e+00 4.264789981186527967e+00 4.117760138631825662e+00
4.118856719524493393e+00 4.083114100075828645e+00 4.057366635097924501e+00
3.485059136903595700e+00 3.682784148500233723e+00 3.763390665053456541e+00
4.864422241059282115e+00 4.408410368573587590e+00 4.167441287329834765e+00
4.677161964917007531e+00 4.214013328432865357e+00 4.165037684568703824e+00
4.814746198903686825e+00 4.338242549864389730e+00 4.232433720998923121e+00
3.810091954826682947e+00 3.909783237555095159e+00 3.886123096891008988e+00
4.388981745364771037e+00 4.080907652750808801e+00 3.990157768886911427e+00
