2.285714285714285643e-01 8.571428571428571508e-02 8.571428571428571508e-02
2.000000000000000111e-01 8.571428571428571508e-02 8.571428571428571508e-02
2.285714285714285643e-01 5.714285714285714107e-02 5.714285714285714107e-02
2.000000000000000111e-01 8.571428571428571508e-02 8.571428571428571508e-02
2.571428571428571175e-01 1.142857142857142821e-01 8.571428571428571508e-02
2.571428571428571175e-01 8.571428571428571508e-02 1.142857142857142821e-01
1.428571428571428492e-01 0.000000000000000000e+00 0.000000000000000000e+00
2.285714285714285643e-01 5.714285714285714107e-02 5.714285714285714107e-02
2.571428571428571175e-01 8.571428571428571508e-02 5.714285714285714107e-02
2.000000000000000111e-01 0.000000000000000000e+00 0.000000000000000000e+00
