7.428571428571428825e-01 4.571428571428571286e-01 2.571428571428571175e-01
7.142857142857143016e-01 5.428571428571428159e-01 2.000000000000000111e-01
7.142857142857143016e-01 4.285714285714285476e-01 2.285714285714285643e-01
7.428571428571428825e-01 4.857142857142857095e-01 2.285714285714285643e-01
7.428571428571428825e-01 4.857142857142857095e-01 2.000000000000000111e-01
7.428571428571428825e-01 4.857142857142857095e-01 2.000000000000000111e-01
6.857142857142857206e-01 4.285714285714285476e-01 2.285714285714285643e-01
6.857142857142857206e-01 4.285714285714285476e-01 2.000000000000000111e-01
6.857142857142857206e-01 4.285714285714285476e-01 2.285714285714285643e-01
7.142857142857143016e-01 4.285714285714285476e-01 2.285714285714285643e-01
