9.870960722445870639e-01 9.643346752257643262e-01 9.591774562071592181e-01
9.891850723533891498e-01 9.669459253617669336e-01 9.600913937547600474e-01
9.890109890109890500e-01 9.668153628549668310e-01 9.602654770971602582e-01
9.891415515177891526e-01 9.668153628549668310e-01 9.602219562615602610e-01
9.895549994559895701e-01 9.671200087041671445e-01 9.603525187683603637e-01
9.891415515177891526e-01 9.669024045261669364e-01 9.600913937547600474e-01
9.890762702643890458e-01 9.669459253617669336e-01 9.602219562615602610e-01
9.887716244151887324e-01 9.666412795125666202e-01 9.603307583505603651e-01
9.885322598193885257e-01 9.664889565879665190e-01 9.599390708301599462e-01
9.869872701555869599e-01 9.681645087585681875e-01 9.601566750081601542e-01
