8.134696986182134992e-01 6.081166358394081151e-01 4.940050048960940021e-01
8.161027091720161053e-01 6.078119899902078016e-01 4.939179632248938967e-01
8.160374279186159985e-01 6.079207920792079056e-01 4.940267653138940007e-01
8.159286258296158945e-01 6.078772712436079084e-01 4.940267653138940007e-01
8.162332716788162079e-01 6.079860733326080124e-01 4.940267653138940007e-01
8.161679904254162121e-01 6.079425524970079042e-01 4.940485257316940548e-01
8.161244695898161039e-01 6.078990316614079070e-01 4.938526819714938454e-01
8.162115112610162093e-01 6.079860733326080124e-01 4.940050048960940021e-01
8.163203133500163133e-01 6.079860733326080124e-01 4.939832444782940035e-01
8.154934174736154784e-01 6.072679795452072815e-01 4.935480361222935319e-01
