4.134765198193806057e+00 4.142894775311337874e+00 4.086289987256144229e+00
4.116754487798102602e+00 4.219721578787209104e+00 4.115633044487712944e+00
4.127736929526103715e+00 4.120559345269382057e+00 4.005506153553067605e+00
4.065537264623898750e+00 4.276144954691939226e+00 4.194559948072249078e+00
4.180398452854918290e+00 4.226018232101133698e+00 4.092948640791153281e+00
4.261676016314306814e+00 4.324631405736521828e+00 4.191698613122365913e+00
4.136730720346467827e+00 4.293190531591918102e+00 4.144073312487841498e+00
4.094723007166031437e+00 4.251756408309613988e+00 4.295343381863179211e+00
4.057829078535209355e+00 4.242521271981974706e+00 4.089173010246887507e+00
4.115441420677100837e+00 4.408460592079667784e+00 4.089196612953042376e+00
