8.222222222222221877e-01 5.999999999999999778e-01 3.111111111111111160e-01
8.222222222222221877e-01 5.999999999999999778e-01 3.111111111111111160e-01
8.222222222222221877e-01 5.999999999999999778e-01 3.111111111111111160e-01
8.222222222222221877e-01 5.999999999999999778e-01 3.111111111111111160e-01
8.222222222222221877e-01 5.999999999999999778e-01 3.111111111111111160e-01
8.222222222222221877e-01 5.999999999999999778e-01 3.111111111111111160e-01
8.222222222222221877e-01 5.999999999999999778e-01 3.333333333333333148e-01
8.222222222222221877e-01 5.999999999999999778e-01 3.111111111111111160e-01
8.222222222222221877e-01 5.999999999999999778e-01 3.333333333333333148e-01
8.222222222222221877e-01 5.999999999999999778e-01 3.111111111111111160e-01
