3.111111111111111160e-01 1.333333333333333315e-01 8.888888888888889228e-02
3.111111111111111160e-01 1.333333333333333315e-01 8.888888888888889228e-02
3.111111111111111160e-01 1.333333333333333315e-01 8.888888888888889228e-02
3.111111111111111160e-01 1.333333333333333315e-01 8.888888888888889228e-02
3.111111111111111160e-01 1.333333333333333315e-01 8.888888888888889228e-02
3.111111111111111160e-01 1.333333333333333315e-01 8.888888888888889228e-02
3.111111111111111160e-01 1.333333333333333315e-01 8.888888888888889228e-02
3.111111111111111160e-01 1.333333333333333315e-01 8.888888888888889228e-02
3.111111111111111160e-01 1.333333333333333315e-01 8.888888888888889228e-02
3.111111111111111160e-01 1.333333333333333315e-01 8.888888888888889228e-02
