9.892285931889892581e-01 9.674899358067674537e-01 9.607877271243607797e-01
9.892068327711892595e-01 9.674899358067674537e-01 9.608965292133608838e-01
9.892285931889892581e-01 9.674899358067674537e-01 9.608747687955608852e-01
9.891850723533891498e-01 9.674899358067674537e-01 9.608965292133608838e-01
9.892068327711892595e-01 9.674899358067674537e-01 9.608965292133608838e-01
9.892068327711892595e-01 9.674899358067674537e-01 9.608965292133608838e-01
9.892068327711892595e-01 9.674899358067674537e-01 9.609182896311608824e-01
9.892068327711892595e-01 9.675116962245675634e-01 9.609182896311608824e-01
9.892068327711892595e-01 9.675116962245675634e-01 9.609182896311608824e-01
9.891850723533891498e-01 9.675116962245675634e-01 9.608965292133608838e-01
