8.137308236318137045e-01 6.097269067566096767e-01 4.940267653138940007e-01
8.136220215428136004e-01 6.096181046676095727e-01 4.940485257316940548e-01
8.136220215428136004e-01 6.097704275922097850e-01 4.940267653138940007e-01
8.132520944402132912e-01 6.100097921880099916e-01 4.940267653138940007e-01
8.137525840496137031e-01 6.096833859210096795e-01 4.940267653138940007e-01
8.134044173648133924e-01 6.098792296812098890e-01 4.942008486562942116e-01
8.133173756936132870e-01 6.099880317702099930e-01 4.940267653138940007e-01
8.134696986182134992e-01 6.096833859210096795e-01 4.940485257316940548e-01
8.136220215428136004e-01 6.099009900990098876e-01 4.940267653138940007e-01
8.134914590360134978e-01 6.097486671744097864e-01 4.941573278206941588e-01
