3.929903693109570106e+00 4.094092396629896768e+00 4.108799814089359792e+00
3.950510559806231115e+00 3.842474880488010669e+00 3.982699114041290844e+00
4.100059283309491320e+00 4.174939401688825491e+00 4.007558943096731774e+00
4.196803872344406550e+00 4.320923198465253634e+00 4.075506533336498372e+00
4.185257179096331548e+00 4.328639645268277825e+00 4.154719424488374280e+00
4.168921150296863054e+00 4.280404042720200586e+00 4.087520428392433125e+00
4.085863021929563743e+00 4.232001414319462640e+00 4.128587520081405060e+00
4.153075610640930115e+00 4.312704403645086337e+00 4.136490819472937730e+00
4.128288954651374354e+00 4.293356038522532003e+00 4.165925096460772359e+00
4.172323951755328331e+00 4.196884118923498441e+00 4.098534449829629445e+00
