9.748033595520597672e-01 9.664933564413633604e-01 9.623901998252127887e-01
9.745367284362085325e-01 9.657490112429454321e-01 9.614940230191555415e-01
9.742923165800115859e-01 9.661156290272407965e-01 9.620198788309727300e-01
9.755810336399590721e-01 9.703595076212060411e-01 9.649602275252218142e-01
9.750699906679108908e-01 9.666266719992889778e-01 9.623827934053255095e-01
9.741145625027773924e-01 9.657934497622538972e-01 9.617754669747757834e-01
9.754254988223792777e-01 9.667933164466959717e-01 9.622642906871695656e-01
9.754699373416877428e-01 9.667488779273875066e-01 9.623013227865937491e-01
9.755588143803048951e-01 9.670266186730658298e-01 9.626716437808306992e-01
9.758921032751188829e-01 9.671266053415100705e-01 9.626197988416376194e-01
