4.891108346793630268e+00 4.105862837910914998e+00 3.753910559146119486e+00
4.076007748058404268e+00 3.755685342098787238e+00 3.546331565231392702e+00
4.599042559057120449e+00 3.902058604714134571e+00 3.578438924778092112e+00
4.956630727624273369e+00 4.290467429255095055e+00 3.952913623829790168e+00
4.657620958891079965e+00 3.974703512288729090e+00 3.722269423102661179e+00
4.683097235483290710e+00 4.074558711867975802e+00 3.814114420465943400e+00
4.860189720920666367e+00 4.212292463924249830e+00 3.956404005635378862e+00
3.929800471024806452e+00 3.930137661686532891e+00 3.815527489269566086e+00
4.654923943774747386e+00 4.218587962789497325e+00 3.988474656191680623e+00
4.585033687781245426e+00 4.210149956723441278e+00 3.907387280920286976e+00
