7.839721254355400690e-04 4.200878365476417914e-04 2.143775903958839530e-04
8.576329331046312048e-04 5.924170616113744528e-04 2.183723977289270658e-04
1.225016118633139982e-03 6.594298468093740375e-04 3.692591737825986456e-04
1.377320128549878661e-03 6.005705420149142111e-04 3.144936651990295389e-04
1.461308535370308770e-03 7.886849992113150343e-04 4.283878337855205154e-04
1.482579688658265324e-03 9.355051727933084114e-04 6.095392898867272322e-04
1.401378021721359302e-03 7.173944234540150129e-04 2.667022269635951708e-04
1.768822579404752664e-03 9.766747098701596911e-04 5.658436213991769161e-04
2.467673477445464329e-03 9.872318020271160337e-04 6.461845738119015910e-04
1.945088651155831494e-03 8.863676653075695539e-04 5.929919137466307293e-04
