0.000000000000000000e+00 0.000000000000000000e+00 0.000000000000000000e+00
0.000000000000000000e+00 0.000000000000000000e+00 0.000000000000000000e+00
0.000000000000000000e+00 4.196391103650860057e-05 0.000000000000000000e+00
4.864996351252736680e-05 0.000000000000000000e+00 0.000000000000000000e+00
4.699468960007518813e-05 0.000000000000000000e+00 0.000000000000000000e+00
5.371723248818221006e-05 4.777602599015813692e-05 0.000000000000000000e+00
9.770873027505007401e-05 0.000000000000000000e+00 0.000000000000000000e+00
1.112656467315716296e-04 0.000000000000000000e+00 0.000000000000000000e+00
1.160698740641866460e-04 0.000000000000000000e+00 0.000000000000000000e+00
1.668984700973574309e-04 0.000000000000000000e+00 4.294241422252759226e-05
