5.007724948319007829e-01 4.304428245022304256e-01 3.910999891197911027e-01
5.436840387335436509e-01 4.493526275704493589e-01 4.022413230334022649e-01
6.629093678598628747e-01 5.712980089217712942e-01 5.287346317049287370e-01
6.686758785768687208e-01 5.654662169513654524e-01 5.158089435317158022e-01
6.728756392122728913e-01 5.864650201283864162e-01 5.430312261995430267e-01
6.775758894570775848e-01 6.049396148406049889e-01 5.718637797845718129e-01
6.278533347840278278e-01 5.453378304863453208e-01 5.105864432597105873e-01
7.175497769557175332e-01 6.216080948754215685e-01 5.772168425633772415e-01
7.800892177129801208e-01 6.696986182134696541e-01 6.298117723860298112e-01
7.096942661299097121e-01 6.320748558372321080e-01 5.965836144053965340e-01
