1.140830422144590572e-01 1.138697031920851283e-01 9.576255366809781344e-02
1.318435158270887253e-01 1.352036054294781242e-01 1.338702365396410576e-01
3.703565428411424443e-01 3.645430544814528551e-01 3.284620923224619293e-01
4.518787167657803971e-01 4.000106669511186985e-01 3.604629456785514163e-01
4.325715352409397751e-01 3.741166431104829271e-01 3.329155444145177056e-01
5.035867623136617288e-01 4.418517827142057208e-01 3.891837115656417434e-01
4.541987786340969113e-01 3.853169417851142753e-01 3.554494786527640504e-01
5.207072188591695960e-01 4.642523800634683617e-01 3.823035280940825231e-01
5.405477479399450891e-01 4.732659537587668996e-01 3.899570655217472481e-01
5.207338862369663701e-01 4.465985759620256790e-01 3.790234406250833632e-01
