2.880203244168824117e+00 2.395230158005032806e+00 2.083882176196729663e+00
2.936910012133890469e+00 2.427892193598357284e+00 2.126477434325480420e+00
3.186703051904265394e+00 2.668806424976986946e+00 2.302036027885722813e+00
3.045116287951404654e+00 2.379982603552718068e+00 2.013254772133207471e+00
3.518705537034224395e+00 2.776111794397750021e+00 2.305551448180743535e+00
3.212820743762405229e+00 2.481097163610511025e+00 2.134688210637283756e+00
2.948569467890276297e+00 2.278424196236541022e+00 1.897919487586500642e+00
3.177891085610121014e+00 2.578407002763504430e+00 2.211186794855104054e+00
3.501865860452193946e+00 2.783053246199778119e+00 2.514857031623157990e+00
3.157695102091409911e+00 2.670998281982023936e+00 2.411008506336350887e+00
