9.503862474159503471e-01 9.214231313241214583e-01 9.064302034599064362e-01
9.717114568599717339e-01 9.357850070721357438e-01 9.242519856381242738e-01
9.826351865955826881e-01 9.518224349907518089e-01 9.439451637471439893e-01
9.839625720813839349e-01 9.563703623109564012e-01 9.472527472527472181e-01
9.823087803285822650e-01 9.538461538461538991e-01 9.456207159177456578e-01
9.812425198563812234e-01 9.536720705037536883e-01 9.465564138831465968e-01
9.859210096833859183e-01 9.585464040909585925e-01 9.506691328473506619e-01
9.888586660863888378e-01 9.617887063431618255e-01 9.542813622021543152e-01
9.876183222717875854e-01 9.605266021107605745e-01 9.524099662713524372e-01
9.883799368947884245e-01 9.619410292677619267e-01 9.556305081057556716e-01
