6.886301816994886416e-01 5.611141333913610696e-01 4.421934501142422147e-01
7.582417582417582125e-01 5.481014035469481405e-01 4.488956587966488887e-01
7.710151234903710460e-01 5.658361440539658727e-01 4.567294092046567111e-01
7.645522794037645786e-01 5.822434990751822470e-01 4.661516701120661521e-01
7.922968120987923246e-01 5.825916657599825577e-01 4.744641497116744433e-01
7.971058644325971221e-01 5.893373952779893399e-01 4.767489935806767387e-01
7.985420520073985839e-01 5.810031552605809946e-01 4.771624415188771562e-01
7.947557393101947198e-01 5.874659993471874619e-01 4.852355565226852407e-01
8.030464584920030680e-01 5.993471874659993537e-01 4.841692960504841436e-01
8.014579479926015049e-01 5.954085518441953884e-01 4.855837232074856069e-01
