3.625186291043128062e+00 3.495623206079230716e+00 3.300684369139326169e+00
3.008968703525929378e+00 3.024829624487912039e+00 3.122164312993726654e+00
3.333201388665377518e+00 3.242038640338824163e+00 3.161217858025920702e+00
3.408695145336795740e+00 3.348715510065220613e+00 3.287031278541259205e+00
3.397138018935050408e+00 3.065485723681494967e+00 3.056041505172351957e+00
3.226160429348463143e+00 3.059294844540275005e+00 3.005208976062125892e+00
3.113536214385443479e+00 2.995067134218586169e+00 2.976629834901831639e+00
3.123053948293676996e+00 3.127445378500093298e+00 3.021190446681120356e+00
3.476590545236107221e+00 3.450689928265998851e+00 3.307356127220246300e+00
3.284815891716093006e+00 3.162663502211032540e+00 3.021016152513818387e+00
