9.866240056881304676e-01 9.762476114295871588e-01 9.709964597312987777e-01
9.789139225880993944e-01 9.735701906412478346e-01 9.685227154897896318e-01
9.784695373950139663e-01 9.754143891925520782e-01 9.711742138085323051e-01
9.774696707105718918e-01 9.743034262098386744e-01 9.698262453895059032e-01
9.791361151846420530e-01 9.770697240367950398e-01 9.724407116088257252e-01
9.792249922232590942e-01 9.771030529262765274e-01 9.719518878964319430e-01
9.746033862151712857e-01 9.730702572990267418e-01 9.697447747707723664e-01
9.777140825667688384e-01 9.747589210327511910e-01 9.712704972670331838e-01
9.778918366440030319e-01 9.740145758343331517e-01 9.718333851782757771e-01
9.756032528996133601e-01 9.732035728569523592e-01 9.701965663837442966e-01
