5.546311702717693012e-03 3.103662321539416707e-03 1.827242524916943434e-03
7.479601087941976402e-03 4.636498516320474404e-03 2.554060956921505067e-03
7.739212007504690100e-03 6.015349512549264012e-03 3.221908981071284865e-03
1.038575667655786301e-02 6.715014773032500911e-03 4.102316602316601925e-03
9.994288977727012677e-03 6.000461573967228249e-03 3.173931443080829466e-03
1.024713682941531118e-02 7.354872603099553083e-03 3.215434083601286137e-03
1.142297650130548285e-02 7.787325456498388893e-03 4.637979902087091197e-03
1.105146826649826275e-02 8.118701007838746014e-03 5.019815059445178335e-03
9.948834565093803498e-03 7.997793712079426243e-03 5.204267499349466558e-03
1.155878467635402911e-02 7.336956521739130578e-03 5.192675594424706401e-03
