8.547008547008547868e-03 1.958863858961802055e-04 6.759954032312580168e-05
1.259842519685039353e-02 4.006410256410256271e-04 1.332356272067150799e-04
1.238390092879257040e-02 3.019627579265223992e-04 1.335916104468639449e-04
1.492537313432835792e-02 9.773260359655981081e-05 1.333511134817975854e-04
1.457725947521865822e-02 4.033884630899556181e-04 1.339225927413954863e-04
1.386748844375963047e-02 5.075111652456354124e-04 1.335559265442404111e-04
1.394700139470013943e-02 5.065342923715935143e-04 1.332356272067150799e-04
1.397515527950310595e-02 3.028467595396729171e-04 1.328815361105574271e-04
1.371951219512195126e-02 4.033477866290208994e-04 2.008032128514056311e-04
1.547116736990154784e-02 4.015257980325235968e-04 2.022381016583524283e-04
