8.829507126536829675e-01 8.602110760526602284e-01 8.692416494396691951e-01
9.047111304537046594e-01 8.832118376672831728e-01 8.725274725274725363e-01
9.079316722881078938e-01 8.957240779022956900e-01 8.922859318898922476e-01
9.274290066369273999e-01 9.195299749755195817e-01 9.101947557393101906e-01
9.245566314873245872e-01 9.062778805353062239e-01 8.974866717440974639e-01
9.285387879447285497e-01 9.177673811337178078e-01 9.123055162659122752e-01
9.340876944837340767e-01 9.195952562289195775e-01 9.159395060385159271e-01
9.318463714503318895e-01 9.229028397345229173e-01 9.180502665651180116e-01
9.242084648025241655e-01 9.217277771733217717e-01 9.168099227505167592e-01
9.348710695245349145e-01 9.205091937765205179e-01 9.207920792079208328e-01
