9.752592711082673782e-01 7.278519821909408272e-01 6.056413127516062644e-01
9.832840118371590776e-01 7.339305233410647888e-01 5.998560345517075509e-01
9.829907488869338295e-01 7.352102162147751141e-01 6.009224452797995442e-01
9.824042229864832221e-01 7.272387960222880254e-01 6.002026180383375209e-01
9.819776586952464470e-01 7.357434215788211107e-01 6.019088752032845102e-01
9.829374283505292187e-01 7.374763390119704054e-01 6.008158042069903226e-01
9.811511903809752022e-01 7.369697939161268252e-01 5.998560345517075509e-01
9.830707296915407456e-01 7.359833639926417481e-01 5.987896238236156687e-01
9.827508064731130810e-01 7.357167613106188053e-01 6.017755738622730943e-01
9.813378122583913399e-01 7.345170492415153962e-01 6.046015622917166876e-01
