3.697012067296804982e+00 3.761931892390084631e+00 3.792056054456579339e+00
3.859128861826504053e+00 3.922078668978079996e+00 3.858008321882505420e+00
3.941205907298516831e+00 3.882004125177475284e+00 3.922419633118655380e+00
4.093085216657217806e+00 4.042250808882545954e+00 4.074833227060050689e+00
4.098243733005333844e+00 4.034111263951950299e+00 3.977091920544093107e+00
4.093564425030488785e+00 4.129152605535825415e+00 4.073716165851418936e+00
4.151288793490223838e+00 4.147388961776549365e+00 4.068743473320286519e+00
4.143492189095637102e+00 4.142187615360674258e+00 4.091103396332187891e+00
4.008166218563783190e+00 4.090132957193795882e+00 4.035124846062956294e+00
4.052551886059671205e+00 4.122351888886420568e+00 4.068700856961810608e+00
