6.739130434782608647e-01 3.260869565217391353e-01 2.826086956521738913e-01
6.956521739130434590e-01 3.695652173913043237e-01 3.043478260869565410e-01
6.956521739130434590e-01 3.478260869565217295e-01 2.391304347826087029e-01
7.173913043478260532e-01 3.913043478260869734e-01 3.043478260869565410e-01
7.608695652173913526e-01 3.695652173913043237e-01 3.043478260869565410e-01
7.826086956521739468e-01 3.260869565217391353e-01 3.695652173913043237e-01
7.826086956521739468e-01 4.130434782608695676e-01 2.608695652173912971e-01
7.608695652173913526e-01 4.130434782608695676e-01 2.826086956521738913e-01
7.826086956521739468e-01 4.782608695652174058e-01 2.826086956521738913e-01
7.608695652173913526e-01 3.913043478260869734e-01 2.391304347826087029e-01
