9.928408225437928003e-01 9.669676857795669322e-01 9.615711021651616175e-01
9.931889892285932220e-01 9.684909150255684995e-01 9.623109563703623470e-01
9.931237079751931152e-01 9.675334566423675620e-01 9.629637689043629711e-01
9.942987705363942608e-01 9.677510608203677700e-01 9.626591230551626577e-01
9.936677184201936353e-01 9.684038733543683941e-01 9.630290501577630780e-01
9.938635621803938447e-01 9.679033837449678712e-01 9.631813730823631792e-01
9.940158851049940569e-01 9.682950712653682901e-01 9.635730606027635980e-01
9.938853225981938433e-01 9.679904254161679766e-01 9.635948210205635966e-01
9.938853225981938433e-01 9.689478837993689142e-01 9.638559460341638019e-01
9.941029267761940513e-01 9.685997171145686035e-01 9.638559460341638019e-01
