8.083124795996082801e-01 6.063105211620063439e-01 4.942008486562942116e-01
8.094875421608095367e-01 6.074638233054074909e-01 4.946795778478946803e-01
8.102056359482101566e-01 6.070503753672070735e-01 4.944402132520944182e-01
8.105538026330105783e-01 6.079207920792079056e-01 4.948971820258948884e-01
8.105102817974104701e-01 6.080078337504080110e-01 4.949407028614949411e-01
8.110978130780110984e-01 6.077467087368076948e-01 4.949842236970949938e-01
8.118159068654118293e-01 6.081383962572081137e-01 4.950059841148949924e-01
8.112718964204113092e-01 6.083342400174083231e-01 4.950059841148949924e-01
8.121205527146121428e-01 6.082689587640082163e-01 4.951800674572952032e-01
8.115983026874116213e-01 6.079425524970079042e-01 4.949624632792949397e-01
