3.375655051514024230e+00 3.581345567842451949e+00 3.494814332047343708e+00
4.022747536935067814e+00 3.639244681340159104e+00 3.144008991705972367e+00
4.006167209128054019e+00 4.013842067318972084e+00 3.254089205290898512e+00
3.915041716892920576e+00 3.545912537747907489e+00 3.682288258979740991e+00
4.151255769369955217e+00 4.219620740110402224e+00 3.881899919947880306e+00
3.879104466446801958e+00 3.659518315061158322e+00 3.748460542700814635e+00
3.907947070401041945e+00 3.540208865847123132e+00 3.511237196093060398e+00
3.581424312551593658e+00 3.672691922953259080e+00 3.619761517395512662e+00
3.413692143559553305e+00 3.502897451250595928e+00 3.595102655975838779e+00
3.794755137492411556e+00 3.803601189194190546e+00 3.437820733160404707e+00
