9.318181818181817677e-01 5.227272727272727071e-01 4.090909090909091161e-01
9.318181818181817677e-01 5.454545454545454142e-01 3.636363636363636465e-01
9.318181818181817677e-01 5.227272727272727071e-01 3.863636363636363535e-01
9.090909090909090606e-01 5.454545454545454142e-01 3.636363636363636465e-01
9.318181818181817677e-01 5.227272727272727071e-01 3.863636363636363535e-01
9.318181818181817677e-01 5.454545454545454142e-01 3.636363636363636465e-01
9.318181818181817677e-01 5.227272727272727071e-01 3.863636363636363535e-01
9.318181818181817677e-01 5.227272727272727071e-01 4.318181818181818232e-01
9.318181818181817677e-01 5.454545454545454142e-01 3.636363636363636465e-01
9.318181818181817677e-01 5.454545454545454142e-01 3.636363636363636465e-01
