9.949733434881949945e-01 9.677075399847676618e-01 9.635730606027635980e-01
9.956043956043956200e-01 9.694918942443695453e-01 9.652050919377651583e-01
9.921444891741921790e-01 9.695571754977695411e-01 9.653574148623653706e-01
9.954085518441954106e-01 9.671417691219671431e-01 9.650310085953650585e-01
9.951256664127950957e-01 9.703623109563703775e-01 9.650092481775650599e-01
9.951474268305950943e-01 9.694701338265694357e-01 9.652921336089652637e-01
9.959525622891959307e-01 9.696659775867696451e-01 9.650962898487650543e-01
9.958437602001958266e-01 9.696659775867696451e-01 9.653574148623653706e-01
9.959960831247960389e-01 9.699271026003699614e-01 9.652486127733652665e-01
9.952344685017951997e-01 9.702970297029702706e-01 9.652486127733652665e-01
