8.129909694266129749e-01 6.130344902622130165e-01 4.945272549232945236e-01
8.157327820694156850e-01 6.104450005440104077e-01 4.946578174300946817e-01
8.126645631596126629e-01 6.134044173648134368e-01 4.947666195190947858e-01
8.157110216516156864e-01 6.104450005440104077e-01 4.947230986834947331e-01
8.156675008160156892e-01 6.106843651398107253e-01 4.945054945054945250e-01
8.159503862474160041e-01 6.104450005440104077e-01 4.946360570122946276e-01
8.160156675008159999e-01 6.105102817974105145e-01 4.946795778478946803e-01
8.160591883364161081e-01 6.105755630508106213e-01 4.945925361766945749e-01
8.160591883364161081e-01 6.105320422152105131e-01 4.946360570122946276e-01
8.160591883364161081e-01 6.104885213796105159e-01 4.947230986834947331e-01
