2.851945130672644435e+00 2.576785049856256560e+00 3.022125579278546859e+00
2.631740912565157409e+00 2.687493896405458216e+00 2.626730677127627089e+00
2.608388168266915219e+00 2.519981393859498375e+00 2.960376294324489344e+00
2.619569193984897737e+00 3.130045420944710610e+00 2.461598404128942263e+00
2.650872666813278933e+00 2.549260258716519623e+00 2.900163845355247627e+00
2.582354756785074645e+00 2.516035994995575287e+00 2.963320999745941542e+00
2.680914480253433929e+00 2.736703953130374067e+00 3.063713340938033713e+00
2.632584281425887962e+00 2.602875118525865172e+00 2.939215502142595859e+00
2.721946686778351943e+00 2.713833700699225027e+00 3.015776648777765967e+00
2.781025502045148201e+00 2.903250566313266834e+00 2.766181447257098913e+00
