9.895791672221481150e-01 9.796915966759988104e-01 9.750107393088375263e-01
9.893569746256054565e-01 9.798693507532328928e-01 9.750922099275696198e-01
9.895125094431853618e-01 9.798249122339243167e-01 9.750329585684915923e-01
9.899568946362706789e-01 9.805803670621694446e-01 9.757587877171972623e-01
9.898680175976536377e-01 9.801137626094298394e-01 9.755736272200785653e-01
9.901568679731591605e-01 9.800804337199484628e-01 9.752181190656101784e-01
9.889125894325201394e-01 9.801915300182197921e-01 9.752699640048033691e-01
9.852019730702572531e-01 9.800804337199484628e-01 9.752699640048039242e-01
9.901346487135048724e-01 9.803803937252810741e-01 9.754551245019220662e-01
9.849131226947518414e-01 9.802470781673554567e-01 9.754551245019225103e-01
