4.576271186440677985e-02 1.328273244781783685e-02 6.349206349206349201e-03
5.000000000000000278e-02 1.279590531030070331e-02 7.567567567567567467e-03
4.601769911504424715e-02 1.399491094147582715e-02 7.065217391304347803e-03
5.178571428571428908e-02 1.407549584133077451e-02 7.057546145494027895e-03
5.169340463458110824e-02 1.276324186343331252e-02 6.532389765922699820e-03
5.663716814159291957e-02 1.344430217669654280e-02 7.065217391304347803e-03
5.724508050089445466e-02 1.472471190781050009e-02 7.646095030038230905e-03
5.840707964601769830e-02 1.407549584133077451e-02 7.637752318603382648e-03
5.755395683453237710e-02 1.217948717948717959e-02 7.637752318603382648e-03
5.903398926654740420e-02 1.344430217669654280e-02 7.099945385035499879e-03
