2.197802197802197974e-02 0.000000000000000000e+00 0.000000000000000000e+00
1.530612244897959148e-02 0.000000000000000000e+00 0.000000000000000000e+00
2.150537634408602322e-02 0.000000000000000000e+00 0.000000000000000000e+00
2.000000000000000042e-02 0.000000000000000000e+00 0.000000000000000000e+00
2.649006622516556289e-02 0.000000000000000000e+00 0.000000000000000000e+00
2.649006622516556289e-02 1.027221366204417088e-04 0.000000000000000000e+00
2.739726027397260122e-02 0.000000000000000000e+00 0.000000000000000000e+00
3.378378378378378566e-02 0.000000000000000000e+00 0.000000000000000000e+00
2.500000000000000139e-02 0.000000000000000000e+00 0.000000000000000000e+00
3.731343283582089221e-02 0.000000000000000000e+00 0.000000000000000000e+00
