9.877488847785877990e-01 9.660537482319661029e-01 9.591339353715591098e-01
9.880100097921880042e-01 9.664236753345664122e-01 9.600478729191600502e-01
9.882711348057883205e-01 9.662713524099663109e-01 9.602437166793602596e-01
9.884452181481884203e-01 9.664671961701665204e-01 9.602001958437601514e-01
9.884234577303884217e-01 9.663366336633663067e-01 9.602872375149602568e-01
9.884016973125884231e-01 9.664671961701665204e-01 9.602437166793602596e-01
9.885322598193885257e-01 9.665107170057665176e-01 9.604613208573604677e-01
9.884234577303884217e-01 9.664671961701665204e-01 9.604178000217604705e-01
9.885975410727886326e-01 9.664671961701665204e-01 9.604178000217604705e-01
9.885540202371885243e-01 9.664671961701665204e-01 9.604395604395604691e-01
