9.952716164165227308e-01 7.404436180103599607e-01 6.001859476690131201e-01
9.948731571257802830e-01 7.410014610173993876e-01 6.009775015273461918e-01
9.951653606056580781e-01 7.416389958825873041e-01 6.013281976358082481e-01
9.960950989507239006e-01 7.415061761190064882e-01 6.009297383450658003e-01
9.960950989507239006e-01 7.414796121662903250e-01 6.010625581086466163e-01
9.960950989507239006e-01 7.414264842608579986e-01 6.010943476413089792e-01
9.962279187143047166e-01 7.413733563554256722e-01 6.010731551824894936e-01
9.962013547615885534e-01 7.417452516934519569e-01 6.012485057776597586e-01
9.958560233762784319e-01 7.413733563554256722e-01 6.013281976358082481e-01
9.965732500996148380e-01 7.418249435516004464e-01 6.011953778722274322e-01
