4.106285404312608911e+00 4.257362898624251990e+00 4.058708164294222875e+00
4.099381446184201749e+00 4.372947235219885265e+00 4.187477640067242213e+00
4.042616545350544044e+00 4.257475553001076385e+00 4.113894304716932737e+00
4.159434984210237829e+00 4.434720366719160367e+00 4.257067056147729289e+00
4.176959902662235713e+00 4.278546902967346632e+00 4.043290263357228298e+00
3.971832249933326064e+00 4.192643054071226061e+00 4.151878202079227087e+00
4.035387006040179969e+00 4.271185777860534216e+00 4.212315961672436160e+00
4.074620797717474652e+00 4.264975006229895449e+00 4.155929502490756988e+00
4.045044662076303865e+00 4.339417817602288174e+00 4.149389922265936725e+00
4.111267422844933073e+00 4.329994380257555342e+00 4.200264405544564816e+00
