3.827146752127857710e+00 3.904654895504936274e+00 3.632013285544551273e+00
4.114843313307558148e+00 4.025226586876287982e+00 3.675794592146273132e+00
4.187843142207858804e+00 4.205587278586933486e+00 3.808302395330218193e+00
4.149570533969176189e+00 3.814767205964171737e+00 3.844118889307474252e+00
4.220243561800152143e+00 4.047378513461683092e+00 3.810606469905676086e+00
4.172354061240868717e+00 4.187951358809776536e+00 3.815113824173565593e+00
4.052060240036942318e+00 4.219451713553569405e+00 4.287384161766877533e+00
4.148445173358129345e+00 4.159509766855485680e+00 4.068059900961284114e+00
4.243341310353372364e+00 4.217060753989511745e+00 4.248927656770488781e+00
4.255992968827265521e+00 4.108151130777311977e+00 3.772702742232813211e+00
