9.648713504866017754e-01 9.524174554503843648e-01 9.457183486646276727e-01
9.658712171710438499e-01 9.544616273385770899e-01 9.481994993260204341e-01
9.660711905079322204e-01 9.555170421721548291e-01 9.496067191041235311e-01
9.653379549393413805e-01 9.548837932720082300e-01 9.491919595905766727e-01
9.652046393814157632e-01 9.551837532773408412e-01 9.495993126842382503e-01
9.681375816557792335e-01 9.575834333200017312e-01 9.517916129701256001e-01
9.682042394347419867e-01 9.575278851708660666e-01 9.510954095009592768e-01
9.708705505932542223e-01 9.590387948273563223e-01 9.528803566931867142e-01
9.684486512909389333e-01 9.567724303426209387e-01 9.498585373802054255e-01
9.700262187263920532e-01 9.597720303959471622e-01 9.536654372009711889e-01
