4.438404770375909969e+00 4.395435312226592117e+00 4.290033074861645090e+00
4.371078123750648636e+00 4.342369843052828138e+00 4.236916909450282986e+00
4.127752012805431470e+00 4.156599469470495301e+00 4.093404662235651692e+00
4.368077651412304974e+00 4.362223199315712563e+00 4.268646050921187651e+00
4.184226961428425540e+00 4.221731249561968546e+00 4.153675711179609209e+00
4.343917416907086881e+00 4.359441452579414289e+00 4.298154273687436522e+00
4.176589533939481846e+00 4.167824516921379008e+00 4.078579360108520291e+00
4.220724584765696008e+00 4.214010565424042731e+00 4.140804918964327896e+00
4.214170357234634956e+00 4.223602436082098954e+00 4.159125084113059145e+00
4.210812584164558281e+00 4.217996375432765177e+00 4.131692213085933041e+00
