9.772727272727272929e-01 6.136363636363636465e-01 3.636363636363636465e-01
9.772727272727272929e-01 6.136363636363636465e-01 3.636363636363636465e-01
9.772727272727272929e-01 6.136363636363636465e-01 3.636363636363636465e-01
9.772727272727272929e-01 6.136363636363636465e-01 3.636363636363636465e-01
9.772727272727272929e-01 6.136363636363636465e-01 3.636363636363636465e-01
9.772727272727272929e-01 6.136363636363636465e-01 3.636363636363636465e-01
9.772727272727272929e-01 6.136363636363636465e-01 3.636363636363636465e-01
9.772727272727272929e-01 6.136363636363636465e-01 3.636363636363636465e-01
9.772727272727272929e-01 6.136363636363636465e-01 3.636363636363636465e-01
9.772727272727272929e-01 6.136363636363636465e-01 3.636363636363636465e-01
