1.590909090909090884e-01 9.090909090909091161e-02 4.545454545454545581e-02
1.590909090909090884e-01 9.090909090909091161e-02 4.545454545454545581e-02
1.590909090909090884e-01 9.090909090909091161e-02 4.545454545454545581e-02
1.590909090909090884e-01 9.090909090909091161e-02 4.545454545454545581e-02
1.590909090909090884e-01 9.090909090909091161e-02 4.545454545454545581e-02
1.590909090909090884e-01 9.090909090909091161e-02 4.545454545454545581e-02
1.590909090909090884e-01 9.090909090909091161e-02 4.545454545454545581e-02
1.590909090909090884e-01 9.090909090909091161e-02 4.545454545454545581e-02
1.590909090909090884e-01 9.090909090909091161e-02 4.545454545454545581e-02
1.590909090909090884e-01 9.090909090909091161e-02 4.545454545454545581e-02
