9.956696768577956158e-01 9.707757588945707949e-01 9.659884669785659961e-01
9.956479164399956172e-01 9.706669568055706909e-01 9.658579044717658935e-01
9.956696768577956158e-01 9.704058317919703747e-01 9.659449461429659989e-01
9.956696768577956158e-01 9.704058317919703747e-01 9.658579044717658935e-01
9.956479164399956172e-01 9.705581547165705869e-01 9.658579044717658935e-01
9.956479164399956172e-01 9.704493526275704829e-01 9.658796648895658921e-01
9.956479164399956172e-01 9.704275922097703733e-01 9.658579044717658935e-01
9.956479164399956172e-01 9.705363942987705883e-01 9.659667065607659975e-01
9.956479164399956172e-01 9.704058317919703747e-01 9.658361440539657838e-01
9.956479164399956172e-01 9.704275922097703733e-01 9.658143836361657852e-01
