8.130997715156130790e-01 6.085518441954085311e-01 4.927429006636927511e-01
8.130997715156130790e-01 6.085736046132085297e-01 4.928081819170928024e-01
8.130997715156130790e-01 6.085953650310086394e-01 4.927864214992928038e-01
8.130997715156130790e-01 6.085736046132085297e-01 4.927429006636927511e-01
8.130997715156130790e-01 6.085736046132085297e-01 4.927429006636927511e-01
8.130997715156130790e-01 6.085518441954085311e-01 4.927429006636927511e-01
8.130997715156130790e-01 6.085518441954085311e-01 4.927646610814927497e-01
8.130997715156130790e-01 6.085953650310086394e-01 4.927646610814927497e-01
8.130997715156130790e-01 6.085518441954085311e-01 4.927429006636927511e-01
8.130997715156130790e-01 6.085518441954085311e-01 4.927646610814927497e-01
