3.237127820797058408e+00 3.225632365341470464e+00 3.439531429288078535e+00
3.179570236286892282e+00 3.366520968570686279e+00 3.415215648961502648e+00
3.437316762321853680e+00 3.635290134047979738e+00 3.368133634319554037e+00
3.424163695072280245e+00 3.513525065279663906e+00 3.300366223652227760e+00
3.904252267674022558e+00 3.895308983175509443e+00 3.753095142063027634e+00
3.095068547105042089e+00 3.305276270879153433e+00 3.127208137698595181e+00
3.311923392139930478e+00 3.486073979709913395e+00 3.298906370730227078e+00
3.381562474742433544e+00 3.636097869506409896e+00 3.509885499592924951e+00
3.804672068084484327e+00 3.856142948512636615e+00 3.565554289712389746e+00
3.509042486846287279e+00 3.512790593140842965e+00 3.436851492127588337e+00
