1.113490364025696011e-02 3.507324118011140822e-03 2.418797512093987748e-03
1.862464183381088920e-02 6.995452955578873935e-03 3.166378814047207755e-03
3.552631578947368363e-02 8.009611533840608685e-03 3.864447086801426744e-03
6.921241050119331106e-02 1.340996168582375518e-02 7.074279939363314722e-03
8.139534883720930813e-02 1.225806451612903268e-02 9.599096555618294099e-03
7.438016528925620041e-02 1.419354838709677505e-02 7.932011331444759755e-03
7.988980716253443748e-02 1.376146788990825764e-02 7.398975526465565930e-03
8.544303797468354167e-02 1.555104800540905996e-02 7.553747821034282640e-03
9.177215189873418055e-02 1.408450704225352144e-02 8.201523140011716256e-03
8.668730650154798933e-02 1.336898395721925099e-02 7.642563198118753828e-03
