2.434077079107505037e-03 2.610738839091463013e-04 1.200552254036856947e-04
3.464203233256351201e-03 2.755833180231489739e-04 1.227822456872736307e-04
1.642036124794745431e-03 3.568879371877230569e-04 1.274128814423138110e-04
1.929260450160771856e-02 3.083564600678383996e-04 1.323626737260092713e-04
2.127659574468085055e-02 3.064664419246092416e-04 1.323977227591685406e-04
3.389830508474576259e-02 3.092464694361406218e-04 2.000800320128051353e-04
2.150537634408602322e-02 4.144648222982074662e-04 1.331469276346448276e-04
4.054054054054054279e-02 4.139072847682119202e-04 2.004945532313038756e-04
4.444444444444444614e-02 3.105590062111801357e-04 2.005079534821547994e-04
4.026845637583892357e-02 4.140358140979194914e-04 2.005213555243633399e-04
