9.497551952997497215e-01 8.948971820258948551e-01 8.743553476226743060e-01
9.701882276139701666e-01 9.382221738657382515e-01 9.246436731585246926e-01
9.840496137525840403e-01 9.460994451093460711e-01 9.270808399521270893e-01
9.915134370579915535e-01 9.663801544989664150e-01 9.572407790229572333e-01
9.931237079751931152e-01 9.666848003481667284e-01 9.618322271787618227e-01
9.926884996191926991e-01 9.667500816015667242e-01 9.618975084321619295e-01
9.927320204547926963e-01 9.672505712109672471e-01 9.620498313567620308e-01
9.937112392557937435e-01 9.683168316831682887e-01 9.628332063975628685e-01
9.937547600913937407e-01 9.680121858339679752e-01 9.631596126645631806e-01
9.935806767489935298e-01 9.678816233271678726e-01 9.632684147535632846e-01
