9.345523262003619935e-01 6.942403917811136305e-01 5.566645374214840292e-01
9.540615351857766324e-01 7.103428084743957927e-01 5.665122963909293707e-01
9.029064196742254689e-01 7.763494091344618209e-01 5.822687107420418950e-01
9.918822527414031809e-01 7.411370169274992259e-01 5.978920472692430543e-01
9.914297881401042956e-01 7.395400830405620685e-01 5.979985095283721908e-01
9.954487384222293622e-01 7.418822527414031809e-01 6.010060683487703503e-01
9.927339508144362723e-01 7.432396465452997258e-01 6.002608325348663953e-01
9.962205898009155458e-01 7.428936442031299769e-01 6.018311508570212132e-01
9.965665921430852947e-01 7.429734908974768848e-01 6.018577664218034418e-01
9.961939742361333172e-01 7.429734908974768848e-01 6.018843819865857814e-01
