3.557530738220906485e+00 3.306911930729576898e+00 3.153586957456691486e+00
3.651523469753565454e+00 3.539648779567706516e+00 3.173831129412802987e+00
3.673471667447130162e+00 3.577706120951956503e+00 3.304978846091987332e+00
4.070712876916842582e+00 3.662961589031819010e+00 3.233098156272727230e+00
3.750981848278435393e+00 3.474693630809177591e+00 3.351222254183677141e+00
3.844341815405780238e+00 3.631511831967649151e+00 3.490894083935998982e+00
3.955507825491022977e+00 3.752481802644642706e+00 3.273397387581978180e+00
3.547779393288088556e+00 3.455490782614675016e+00 3.334993080772584495e+00
3.575889499754474787e+00 3.639621936813135950e+00 3.463857246825166492e+00
3.762154388765564406e+00 3.636673643654645627e+00 3.428318833447683733e+00
