6.842105263157894912e-01 4.210526315789473450e-01 3.421052631578947456e-01
6.578947368421053099e-01 4.210526315789473450e-01 3.421052631578947456e-01
6.842105263157894912e-01 4.210526315789473450e-01 3.421052631578947456e-01
6.842105263157894912e-01 4.210526315789473450e-01 3.157894736842105088e-01
6.842105263157894912e-01 4.210526315789473450e-01 3.421052631578947456e-01
6.842105263157894912e-01 4.210526315789473450e-01 3.421052631578947456e-01
6.842105263157894912e-01 4.210526315789473450e-01 3.421052631578947456e-01
6.842105263157894912e-01 4.210526315789473450e-01 3.421052631578947456e-01
6.842105263157894912e-01 4.210526315789473450e-01 3.421052631578947456e-01
6.842105263157894912e-01 4.210526315789473450e-01 3.684210526315789269e-01
