9.882493743879882109e-01 9.656838211293656826e-01 9.586552061799586966e-01
9.883364160591883163e-01 9.657491023827657894e-01 9.593297791317593193e-01
9.882058535523882137e-01 9.659667065607659975e-01 9.592427374605592139e-01
9.882711348057883205e-01 9.659231857251658893e-01 9.594603416385594219e-01
9.883799368947884245e-01 9.657926232183657866e-01 9.596561853987596313e-01
9.884016973125884231e-01 9.659014253073658907e-01 9.596779458165596299e-01
9.884016973125884231e-01 9.660102273963659947e-01 9.596126645631596341e-01
9.883799368947884245e-01 9.659014253073658907e-01 9.598520291589598408e-01
9.884234577303884217e-01 9.659449461429659989e-01 9.597432270699597368e-01
9.882928952235883191e-01 9.659884669785659961e-01 9.597649874877597354e-01
