1.645569620253164445e-01 5.221932114882506379e-04 3.356380479291132344e-04
1.604938271604938183e-01 5.221386800334168465e-04 3.355929928183099399e-04
1.604938271604938183e-01 5.218117303276977948e-04 3.354353951428954849e-04
1.529411764705882470e-01 5.220296512841929434e-04 3.354579000335457901e-04
1.511627906976744096e-01 5.219206680584550628e-04 3.355254328278083542e-04
1.625000000000000056e-01 5.222477543346563597e-04 3.355029188753942313e-04
1.585365853658536606e-01 5.220296512841929434e-04 3.353454057679409713e-04
1.547619047619047672e-01 5.212677231025854676e-04 3.354804079441760863e-04
1.444444444444444309e-01 5.211047420531526387e-04 3.354804079441760863e-04
1.511627906976744096e-01 5.206706237634072323e-04 2.011532787984444037e-04
