6.666666666666666574e-02 1.659221442246330488e-02 9.646302250803859279e-03
6.871609403254973214e-02 1.667735728030788830e-02 9.677419354838710103e-03
6.959706959706959961e-02 1.679586563307493632e-02 9.641135511515800532e-03
6.985294117647058987e-02 1.674179008370894894e-02 9.646302250803859279e-03
6.878306878306877925e-02 1.618122977346278177e-02 9.734991887506760921e-03
6.300484652665590268e-02 1.596424010217113720e-02 9.605122732123799745e-03
6.902654867256637072e-02 1.605651894669235871e-02 9.777294948397609320e-03
6.521739130434782428e-02 1.582278481012658333e-02 9.734991887506760921e-03
6.403940886699507895e-02 1.582278481012658333e-02 9.605122732123799745e-03
7.027027027027027417e-02 1.612903225806451568e-02 9.569377990430621636e-03
