9.884234577303884217e-01 9.664671961701665204e-01 9.597867479055597340e-01
9.887933848329888420e-01 9.666412795125666202e-01 9.599173104123599476e-01
9.889457077575889432e-01 9.668806441083668268e-01 9.597649874877597354e-01
9.889892285931889404e-01 9.667718420193667228e-01 9.597867479055597340e-01
9.885104994015885271e-01 9.669241649439669350e-01 9.601566750081601542e-01
9.873789576759873787e-01 9.664671961701665204e-01 9.596126645631596341e-01
9.885540202371885243e-01 9.666630399303666188e-01 9.603307583505603651e-01
9.878359264497877934e-01 9.661625503209662069e-01 9.601566750081601542e-01
9.875965618539875868e-01 9.661625503209662069e-01 9.596126645631596341e-01
9.887716244151887324e-01 9.668153628549668310e-01 9.594603416385594219e-01
