9.982442138866719494e-01 7.454381018247592250e-01 6.038518833794424001e-01
9.981910082468741230e-01 7.454182737066099573e-01 6.038302965819922763e-01
9.981911044903171160e-01 7.452925531914893487e-01 6.037073482088242127e-01
9.980848517090038508e-01 7.453786206346251220e-01 6.037339432461902300e-01
9.980583040749015922e-01 7.453389717811643722e-01 6.037821160700037604e-01
9.982176584820834364e-01 7.454579309977921175e-01 6.037555189105803244e-01
9.981645030857628775e-01 7.453718480689435211e-01 6.036536722863372617e-01
9.981114509908232124e-01 7.450943897899494628e-01 6.037500000000000089e-01
9.979520731934360400e-01 7.450417397777423512e-01 6.037394611558818402e-01
9.980582524271844891e-01 7.448697501329080151e-01 6.035257518147252309e-01
