4.281171725727648258e+00 4.418574966873825893e+00 4.296036924348022090e+00
4.241492387733491576e+00 4.387495716828633263e+00 4.334771223658941075e+00
4.211313488932725946e+00 4.272407926644731901e+00 4.224157435180933895e+00
4.221292246467268860e+00 4.290953599367050231e+00 4.233085910926306816e+00
4.181208007294586970e+00 4.232824106718011237e+00 4.158025263907726199e+00
4.214468534782726650e+00 4.264587976440256334e+00 4.209920534109863333e+00
4.275418816218163442e+00 4.321120850553122672e+00 4.182153512637333925e+00
4.222798314031516398e+00 4.248590446890124994e+00 4.194434989945155401e+00
4.254552246704932372e+00 4.269742513295771147e+00 4.177240901547967233e+00
4.297193661814422860e+00 4.228360684332550967e+00 4.195889804833310421e+00
