7.692307692307692735e-02 1.923076923076923184e-02 1.923076923076923184e-02
7.692307692307692735e-02 1.923076923076923184e-02 0.000000000000000000e+00
7.692307692307692735e-02 1.923076923076923184e-02 0.000000000000000000e+00
9.615384615384615918e-02 1.923076923076923184e-02 0.000000000000000000e+00
7.692307692307692735e-02 1.923076923076923184e-02 1.923076923076923184e-02
7.692307692307692735e-02 1.923076923076923184e-02 0.000000000000000000e+00
7.692307692307692735e-02 1.923076923076923184e-02 0.000000000000000000e+00
7.692307692307692735e-02 1.923076923076923184e-02 0.000000000000000000e+00
7.692307692307692735e-02 1.923076923076923184e-02 0.000000000000000000e+00
9.615384615384615918e-02 1.923076923076923184e-02 0.000000000000000000e+00
