8.134914590360134978e-01 6.105320422152105131e-01 4.949407028614949411e-01
8.135785007072136032e-01 6.105320422152105131e-01 4.950059841148949924e-01
8.136873027962137073e-01 6.105320422152105131e-01 4.949842236970949938e-01
8.137308236318137045e-01 6.104885213796105159e-01 4.951800674572952032e-01
8.136873027962137073e-01 6.104885213796105159e-01 4.950712653682950437e-01
8.137525840496137031e-01 6.104450005440104077e-01 4.950277445326950465e-01
8.137525840496137031e-01 6.104667609618105173e-01 4.950712653682950437e-01
8.137743444674138127e-01 6.104885213796105159e-01 4.950712653682950437e-01
8.137308236318137045e-01 6.104667609618105173e-01 4.950059841148949924e-01
8.137961048852138113e-01 6.104232401262104091e-01 4.950495049504950451e-01
