9.651379816024530101e-01 9.567613207127938502e-01 9.525174421188321583e-01
9.654712704972669979e-01 9.572390347953606549e-01 9.528211053341071324e-01
9.656490245745011913e-01 9.573056925743234080e-01 9.528581374335305387e-01
9.656712438341554794e-01 9.573945696129404492e-01 9.530729236101890267e-01
9.660489712482780433e-01 9.575056659112118895e-01 9.531173621294977139e-01
9.661822868062036607e-01 9.578056259165445008e-01 9.533543675658094907e-01
9.660934097675865084e-01 9.577389681375816366e-01 9.534580574441965384e-01
9.661378482868950845e-01 9.577611873972359247e-01 9.534284317646573026e-01
9.662711638448207019e-01 9.578722836955072539e-01 9.535099023833897292e-01
9.662267253255121258e-01 9.579500511042972066e-01 9.536135922617761107e-01
