7.169811320754716499e-01 5.471698113207547065e-01 4.150943396226415283e-01
7.358490566037735325e-01 5.283018867924528239e-01 4.150943396226415283e-01
7.358490566037735325e-01 5.471698113207547065e-01 4.150943396226415283e-01
7.358490566037735325e-01 5.094339622641509413e-01 4.339622641509434109e-01
7.358490566037735325e-01 5.471698113207547065e-01 4.339622641509434109e-01
7.358490566037735325e-01 5.471698113207547065e-01 4.339622641509434109e-01
7.735849056603774088e-01 5.094339622641509413e-01 4.150943396226415283e-01
7.547169811320755262e-01 5.094339622641509413e-01 3.962264150943396457e-01
7.735849056603774088e-01 5.283018867924528239e-01 3.962264150943396457e-01
7.358490566037735325e-01 5.471698113207547065e-01 3.962264150943396457e-01
