2.264150943396226467e-01 1.886792452830188607e-02 0.000000000000000000e+00
2.264150943396226467e-01 5.660377358490566169e-02 3.773584905660377214e-02
2.264150943396226467e-01 1.886792452830188607e-02 1.886792452830188607e-02
2.264150943396226467e-01 3.773584905660377214e-02 3.773584905660377214e-02
2.264150943396226467e-01 5.660377358490566169e-02 1.886792452830188607e-02
2.264150943396226467e-01 5.660377358490566169e-02 1.886792452830188607e-02
2.264150943396226467e-01 5.660377358490566169e-02 3.773584905660377214e-02
2.264150943396226467e-01 5.660377358490566169e-02 3.773584905660377214e-02
2.264150943396226467e-01 5.660377358490566169e-02 3.773584905660377214e-02
2.264150943396226467e-01 5.660377358490566169e-02 1.886792452830188607e-02
