9.773691654879773649e-01 9.647698835817647423e-01 9.541290392775541029e-01
9.813295615275813288e-01 9.606136437819605689e-01 9.544119247089544178e-01
9.787183113915787214e-01 9.634424980959634954e-01 9.544989663801545232e-01
9.765205091937765314e-01 9.675987378957675578e-01 9.528016537917528561e-01
9.816124469589816437e-01 9.625938418017625509e-01 9.544989663801545232e-01
9.831574366227832096e-01 9.636383418561635938e-01 9.553476226743553568e-01
9.810466760961810140e-01 9.629202480687629739e-01 9.537155913393536855e-01
9.822652594929822678e-01 9.636601022739637035e-01 9.555217060167555676e-01
9.825481449243825827e-01 9.635513001849635994e-01 9.551300184963551487e-01
9.833750408007834176e-01 9.643999564791644330e-01 9.556522685235556702e-01
