8.152758132956152703e-01 6.094222609074094743e-01 4.949842236970949938e-01
8.154934174736154784e-01 6.093134588184092593e-01 4.951147862038950964e-01
8.155151778914154770e-01 6.085518441954085311e-01 4.953759112174953572e-01
8.155804591448155838e-01 6.093569796540093675e-01 4.952235882928952004e-01
8.156022195626155824e-01 6.093352192362093689e-01 4.951800674572952032e-01
8.156892612338156878e-01 6.092916984006092607e-01 4.952671091284952531e-01
8.157110216516156864e-01 6.092916984006092607e-01 4.951365466216951505e-01
8.156892612338156878e-01 6.092481775650092635e-01 4.952671091284952531e-01
8.156892612338156878e-01 6.092916984006092607e-01 4.952888695462953073e-01
8.156892612338156878e-01 6.092481775650092635e-01 4.950277445326950465e-01
