3.679129211868019667e+00 3.653968098130596864e+00 3.615469298642920215e+00
3.872185277913754664e+00 4.003704194009880091e+00 3.892852337152928222e+00
3.970329708962393234e+00 3.857309323162871895e+00 3.616572482116171106e+00
4.000616346604485507e+00 3.883463097667435804e+00 3.728673913327670508e+00
3.937094099675422676e+00 3.982144296795194993e+00 3.841615274607479424e+00
3.999277087270532771e+00 3.999069299483647200e+00 3.918321380550192856e+00
4.193722874184587113e+00 4.280379889649185365e+00 4.003291012244028835e+00
4.015771546625952482e+00 4.102322945517536290e+00 3.886561718321229986e+00
4.044707895295959865e+00 4.201165538379063591e+00 4.011960754706572096e+00
4.084797064031344682e+00 4.205992304193739706e+00 3.979154877964378834e+00
