1.799999999999999933e-01 8.000000000000000167e-02 4.000000000000000083e-02
1.799999999999999933e-01 8.000000000000000167e-02 4.000000000000000083e-02
1.799999999999999933e-01 8.000000000000000167e-02 4.000000000000000083e-02
1.799999999999999933e-01 8.000000000000000167e-02 4.000000000000000083e-02
1.799999999999999933e-01 8.000000000000000167e-02 4.000000000000000083e-02
1.799999999999999933e-01 8.000000000000000167e-02 4.000000000000000083e-02
1.799999999999999933e-01 8.000000000000000167e-02 4.000000000000000083e-02
1.799999999999999933e-01 8.000000000000000167e-02 4.000000000000000083e-02
1.799999999999999933e-01 8.000000000000000167e-02 4.000000000000000083e-02
1.799999999999999933e-01 8.000000000000000167e-02 4.000000000000000083e-02
