9.799999999999999822e-01 7.199999999999999734e-01 3.800000000000000044e-01
9.799999999999999822e-01 7.199999999999999734e-01 3.800000000000000044e-01
9.799999999999999822e-01 7.199999999999999734e-01 3.800000000000000044e-01
9.799999999999999822e-01 7.199999999999999734e-01 4.000000000000000222e-01
9.799999999999999822e-01 7.199999999999999734e-01 3.800000000000000044e-01
9.799999999999999822e-01 7.199999999999999734e-01 3.800000000000000044e-01
9.799999999999999822e-01 7.199999999999999734e-01 3.800000000000000044e-01
9.799999999999999822e-01 7.199999999999999734e-01 4.000000000000000222e-01
9.799999999999999822e-01 7.199999999999999734e-01 3.800000000000000044e-01
9.799999999999999822e-01 7.199999999999999734e-01 3.800000000000000044e-01
