9.968229790011968738e-01 9.713197693395713150e-01 9.664019149167664136e-01
9.956261560221956186e-01 9.709498422369708948e-01 9.662278315743662027e-01
9.956261560221956186e-01 9.709498422369708948e-01 9.662278315743662027e-01
9.956914372755957254e-01 9.709280818191708962e-01 9.662495919921662013e-01
9.956479164399956172e-01 9.709063214013708976e-01 9.661843107387662055e-01
9.956479164399956172e-01 9.709280818191708962e-01 9.661843107387662055e-01
9.956479164399956172e-01 9.708845609835708990e-01 9.661843107387662055e-01
9.956261560221956186e-01 9.709716026547710044e-01 9.662495919921662013e-01
9.956914372755957254e-01 9.711892068327712124e-01 9.663801544989664150e-01
9.956261560221956186e-01 9.709280818191708962e-01 9.663148732455663081e-01
