8.167120008704167322e-01 6.119029485366118681e-01 4.967903383744967649e-01
8.167120008704167322e-01 6.119029485366118681e-01 4.967685779566967663e-01
8.167120008704167322e-01 6.118811881188118695e-01 4.967685779566967663e-01
8.167555217060167294e-01 6.119247089544119778e-01 4.967685779566967663e-01
8.167120008704167322e-01 6.118594277010118709e-01 4.967903383744967649e-01
8.167120008704167322e-01 6.118594277010118709e-01 4.967685779566967663e-01
8.167120008704167322e-01 6.118811881188118695e-01 4.967685779566967663e-01
8.167120008704167322e-01 6.118594277010118709e-01 4.967685779566967663e-01
8.167555217060167294e-01 6.118811881188118695e-01 4.967685779566967663e-01
8.167337612882167308e-01 6.118811881188118695e-01 4.967903383744967649e-01
