3.904854620841397228e+00 3.956595960377193411e+00 3.396544611858124174e+00
3.752488505597294299e+00 3.687023396459071733e+00 3.679446763095563178e+00
3.741039068761905284e+00 3.846496565859602423e+00 4.028395420035121077e+00
4.158015596341962272e+00 3.879621898795976520e+00 3.708188656649573200e+00
3.991699090380749215e+00 3.748953334613114752e+00 3.587828267692526385e+00
3.939066967405371766e+00 3.622024998916351990e+00 3.798967855569289842e+00
3.552108861102996951e+00 4.149579246763677176e+00 3.979490573480294113e+00
3.811239124446914150e+00 3.954887352455251914e+00 3.783262507827105825e+00
3.585634530958746957e+00 3.829841073217652880e+00 4.133983266046763916e+00
3.387411827519882124e+00 4.170127567409447344e+00 3.679761930545422555e+00
