9.848464649157889772e-01 9.755588143803048951e-01 9.705817002177555830e-01
9.852019730702572531e-01 9.759920899435631236e-01 9.712186523278445449e-01
9.855352619650713519e-01 9.761476247611429180e-01 9.714556577641570989e-01
9.858018930809225866e-01 9.766919966226725869e-01 9.719000429572416389e-01
9.860463049371195332e-01 9.769141892192152454e-01 9.721666740730934286e-01
9.861574012353908625e-01 9.772696973736835213e-01 9.723888666696361982e-01
9.870239523619073196e-01 9.777696307159045030e-01 9.728480647024918548e-01
9.872461449584499782e-01 9.778918366440030319e-01 9.730998829785739712e-01
9.875794338532639660e-01 9.779362751633116080e-01 9.731517279177666069e-01
9.878016264498067356e-01 9.782584544282983963e-01 9.734776103926966462e-01
