4.044538574283434329e+00 3.770303751427939609e+00 3.627216385713311286e+00
4.192758819256257041e+00 3.844439972211023626e+00 3.686251289415310772e+00
3.708063341219773434e+00 3.568435668869572641e+00 3.424748429640874114e+00
4.187133088116842927e+00 3.826549281274860714e+00 3.627532226037441632e+00
4.016149240741644810e+00 3.751927291696067535e+00 3.640048465178585158e+00
3.964472659306548241e+00 3.807586233302708845e+00 3.706614969564551831e+00
4.022961181411263354e+00 3.813384228803637921e+00 3.642936184119884402e+00
3.928864690453169661e+00 3.720447777761016539e+00 3.599564950528903573e+00
4.114788772492858904e+00 3.828436006229817501e+00 3.715113852816966045e+00
3.927533465027623905e+00 3.759407135121239030e+00 3.668753310053571859e+00
