9.691096305269533565e-04 1.213714979265702451e-03 6.263919821826281027e-04
1.337643518002452252e-03 1.255380200860832041e-03 6.404918977774931663e-04
1.683096898292858962e-03 1.591823056300268073e-03 7.512019230769231186e-04
2.513227513227513261e-03 1.456531634046426965e-03 7.118819570282163695e-04
3.330225123218329662e-03 1.352526325958844497e-03 8.426374552348851917e-04
3.322259136212624663e-03 1.490443626161669323e-03 1.018569301888270877e-03
2.924720244150559589e-03 1.406337896118507432e-03 9.305210918114143913e-04
2.906326849988821823e-03 1.502213788741303029e-03 7.905138339920948515e-04
4.433887569279493408e-03 1.603319815146656523e-03 8.846295613711758392e-04
3.933136676499508592e-03 1.856908793009284537e-03 9.337068160597572801e-04
