1.391530219397931227e-04 1.050199537912203257e-04 1.043805017222782796e-04
3.269347531642613426e-04 1.451431474291520055e-04 1.514061849426549203e-04
2.797202797202797200e-04 1.450957632037144524e-04 1.160406916025219493e-04
3.744617112900206217e-04 1.817256669331976458e-04 1.531393568147013736e-04
3.806985818977824069e-04 2.345857606443288999e-04 1.194933482036166590e-04
4.267830045523520626e-04 1.964559349337943392e-04 1.101847430859073689e-04
3.812973642819693951e-04 2.382843526608419463e-04 1.139557851553597167e-04
4.169562195969423119e-04 2.441604948319362161e-04 1.553337734456914298e-04
3.739366177432925059e-04 2.644686384272931443e-04 7.925186241876684343e-05
4.444883445278545865e-04 2.363172322525758623e-04 1.223291469580818668e-04
