8.205418344032205935e-01 7.851158742247851263e-01 6.875421608094874903e-01
8.050484169296050485e-01 7.576324665433575856e-01 6.604722010662604781e-01
8.193014905886193411e-01 7.406811010771406911e-01 7.105429224241105457e-01
8.359046893700359249e-01 7.613099771515613456e-01 6.639973887498640259e-01
8.371885540202371745e-01 7.750625612011751153e-01 6.903710151234904169e-01
8.302687411598302925e-01 7.521706016755521640e-01 7.225546730497225401e-01
8.293765640300293507e-01 7.682297900119682277e-01 7.196387770645196191e-01
8.058970732238058821e-01 7.251876836035251461e-01 6.699379828092699718e-01
8.631922532912631452e-01 7.696442171689696909e-01 7.050810575563051241e-01
8.456968773800457306e-01 8.011533021434011914e-01 7.438798824937439269e-01
