4.244827125884394481e-01 2.374048858630356529e-01 2.327326124682952968e-01
4.285409157655853951e-01 2.643171806167400884e-01 2.947537044453343857e-01
4.274729675610732804e-01 2.640768922707248945e-01 3.098384728340675687e-01
4.298224536109998550e-01 2.655453210519289620e-01 3.027366172740622030e-01
4.391670004004805672e-01 3.172874115605393008e-01 3.297824055533306598e-01
4.372179949272460009e-01 3.206247496996395552e-01 2.731544520090775641e-01
4.400480576692030188e-01 3.278867974903217353e-01 2.972099853157121885e-01
4.239487384861834185e-01 3.440662127886797705e-01 3.125884394606861516e-01
4.290214924576157829e-01 3.944466693365371590e-01 3.262848751835535910e-01
4.596449072219997434e-01 4.352422907488986970e-01 3.453210519289814373e-01
