5.060811112385905197e+00 4.711454330324477802e+00 3.727644309277274637e+00
4.993734534957914306e+00 4.327113366791996540e+00 3.526389015148429174e+00
4.818985644788308598e+00 4.113569472952751660e+00 3.928042919993494309e+00
5.048277057189583417e+00 4.210342722099651880e+00 3.398038540347856795e+00
5.064044647386508835e+00 4.197810068198538858e+00 3.748646147759356673e+00
4.783677430823277454e+00 4.086525504131913955e+00 3.918551164025896316e+00
4.727150198126790492e+00 4.365433889593287375e+00 3.918140196001003162e+00
4.265787877202904532e+00 3.913860791442855369e+00 3.576075080551991192e+00
4.960406096153780808e+00 4.215722363305587805e+00 3.744090568445446188e+00
4.922253713591396185e+00 4.480248181884800118e+00 3.979728288283710835e+00
