2.631578947368420907e-02 7.894736842105262720e-02 2.631578947368420907e-02
2.631578947368420907e-02 2.631578947368420907e-02 2.631578947368420907e-02
7.894736842105262720e-02 2.631578947368420907e-02 2.631578947368420907e-02
7.894736842105262720e-02 2.631578947368420907e-02 2.631578947368420907e-02
7.894736842105262720e-02 7.894736842105262720e-02 5.263157894736841813e-02
1.315789473684210453e-01 5.263157894736841813e-02 5.263157894736841813e-02
1.315789473684210453e-01 7.894736842105262720e-02 2.631578947368420907e-02
1.315789473684210453e-01 5.263157894736841813e-02 5.263157894736841813e-02
1.315789473684210453e-01 5.263157894736841813e-02 5.263157894736841813e-02
1.315789473684210453e-01 5.263157894736841813e-02 5.263157894736841813e-02
