2.500000000000000000e-01 1.499999999999999944e-01 1.749999999999999889e-01
3.499999999999999778e-01 2.750000000000000222e-01 1.000000000000000056e-01
4.500000000000000111e-01 2.999999999999999889e-01 1.250000000000000000e-01
4.500000000000000111e-01 3.250000000000000111e-01 1.499999999999999944e-01
5.000000000000000000e-01 2.750000000000000222e-01 2.000000000000000111e-01
5.749999999999999556e-01 2.750000000000000222e-01 2.250000000000000056e-01
5.999999999999999778e-01 2.000000000000000111e-01 2.750000000000000222e-01
6.500000000000000222e-01 2.750000000000000222e-01 1.749999999999999889e-01
6.250000000000000000e-01 2.500000000000000000e-01 1.749999999999999889e-01
6.250000000000000000e-01 2.999999999999999889e-01 2.250000000000000056e-01
