9.398324447829398132e-02 9.463605701229463318e-02 1.179849853117179853e-01
1.209226417147209187e-01 1.208138396257208147e-01 1.302143401153302016e-01
1.407463823305407369e-01 1.766075508649766201e-01 1.738222173865738296e-01
2.377978457186377959e-01 2.673049722554672880e-01 2.624741595038624919e-01
3.220759438581220491e-01 3.744967903383745189e-01 3.599825916657599656e-01
3.696224567511696146e-01 4.721357850070721507e-01 4.710477641170710550e-01
6.055271461212055062e-01 6.261125013600261635e-01 6.045261669024045714e-01
5.870743118267870431e-01 6.333587204874333576e-01 6.058970732238059265e-01
6.457621586334457708e-01 6.762485039712762269e-01 6.631704928734631910e-01
7.935153954955934674e-01 7.692742900663692707e-01 7.371341529757371447e-01
