1.095854640409095887e-01 2.276139701882276198e-02 2.448047002502447972e-02
1.088891306713088841e-01 7.270155586987270269e-02 4.073550212164073897e-02
1.275813295615275678e-01 1.108040474377108009e-01 8.342944184528343354e-02
1.375476009139375566e-01 1.309324339027309325e-01 1.260798607333260823e-01
1.502556849091502555e-01 1.399630072897399546e-01 1.293439234033293417e-01
1.759329779131759419e-01 1.660319878141660321e-01 1.469698618213469699e-01
2.704819932542704697e-01 2.416276792514416294e-01 2.250027200522249915e-01
3.641388314655641389e-01 3.185507561745185567e-01 2.983135676204983211e-01
4.040039168752039833e-01 3.568926123381568893e-01 3.336524861277336274e-01
4.805788271134806000e-01 4.155586987270155630e-01 3.661190294853661209e-01
