3.152426918865776084e-01 4.287268808884354132e-01 6.139400625517856813e-01
5.034649320512560866e-01 6.340417940601643654e-01 6.727137827274763948e-01
7.034141978635414238e-01 8.806018522022107664e-01 8.737801498513350085e-01
8.005952319228655245e-01 1.047946561406667643e+00 1.022877936765731244e+00
1.374900048416002996e+00 1.794054020419662443e+00 1.628308441160979614e+00
1.565320792305571418e+00 2.235621139502981247e+00 2.129192708511895571e+00
2.905113273164232623e+00 3.068224441254715718e+00 2.795727465272504375e+00
2.534516057566582603e+00 2.781703929407733256e+00 2.564056171621503566e+00
2.675504910481769194e+00 2.678104628775984875e+00 2.810011190554927207e+00
3.392649102815903372e+00 3.196321718135088030e+00 2.784414469420283478e+00
