9.850908767719859238e-01 9.760031995733902122e-01 9.714630641840373837e-01
9.854463849264541997e-01 9.762253921699328707e-01 9.715963797419633341e-01
9.860018664178109571e-01 9.769030795893880459e-01 9.722777703713603170e-01
9.864240323512420971e-01 9.773030262631648979e-01 9.726925298849076196e-01
9.864684708705505622e-01 9.775918766386704206e-01 9.730035995200670973e-01
9.867795405057103730e-01 9.776363151579788857e-01 9.730850701387995239e-01
9.869572945829444555e-01 9.779918233124472726e-01 9.734109526137278978e-01
9.870239523619073196e-01 9.779473847931386965e-01 9.734776103926913171e-01
9.871572679198329370e-01 9.780473714615829373e-01 9.734776103926916502e-01
9.873794605163755955e-01 9.781473581300270670e-01 9.737590543483112260e-01
