1.000000000000000056e-01 5.000000000000000278e-02 2.500000000000000139e-02
1.250000000000000000e-01 5.000000000000000278e-02 0.000000000000000000e+00
1.250000000000000000e-01 5.000000000000000278e-02 0.000000000000000000e+00
1.250000000000000000e-01 5.000000000000000278e-02 0.000000000000000000e+00
1.250000000000000000e-01 5.000000000000000278e-02 0.000000000000000000e+00
1.000000000000000056e-01 7.499999999999999722e-02 0.000000000000000000e+00
1.250000000000000000e-01 5.000000000000000278e-02 0.000000000000000000e+00
1.250000000000000000e-01 5.000000000000000278e-02 0.000000000000000000e+00
1.250000000000000000e-01 5.000000000000000278e-02 0.000000000000000000e+00
1.250000000000000000e-01 5.000000000000000278e-02 0.000000000000000000e+00
