9.338483298879338701e-01 8.880426504188880799e-01 8.759003372864758719e-01
9.154390164291154042e-01 8.840169731258840091e-01 8.756609726906756652e-01
9.602654770971602582e-01 9.196605374823196843e-01 9.041671200087041393e-01
9.663583940811663053e-01 9.324991839843325137e-01 9.176585790447177038e-01
9.757588945707758032e-01 9.443803721031444054e-01 9.316070068545315719e-01
9.734958111195735064e-01 9.400935697965401294e-01 9.324991839843325137e-01
9.644217168969644316e-01 9.256011315417256302e-01 9.162659123055162391e-01
9.714503318463714177e-01 9.380698509411380392e-01 9.259275378087259423e-01
9.767598737895767380e-01 9.460994451093460711e-01 9.375258404961375192e-01
9.758894570775759059e-01 9.486236535741485731e-01 9.431835491241431502e-01
