6.992927864214992795e-01 5.490588619301490780e-01 4.263301055380263049e-01
7.051680992275051185e-01 5.349363507779348881e-01 4.434990751822435184e-01
7.063431617887063751e-01 5.540202371885539767e-01 4.366010227396365795e-01
7.617451855075617617e-01 5.509302578609509560e-01 4.379066478076378832e-01
7.650745294309651001e-01 5.501033619845501210e-01 4.431726689152431509e-01
7.700794255249701070e-01 5.626156022195626383e-01 4.496355130018496182e-01
7.305189859645304651e-01 5.896855619627896505e-01 4.630616907844630759e-01
7.785224676313785563e-01 5.666848003481667062e-01 4.499183984332499331e-01
7.973017081927973315e-01 5.806767489935806825e-01 4.620607115656620856e-01
7.878141660319878392e-01 5.836796866499837089e-01 4.703079099118703255e-01
