3.462458260598856086e+00 3.325916708939578914e+00 3.019993063376979592e+00
3.503267684286025307e+00 3.189373485001596453e+00 3.094167535003295555e+00
3.793375020584929480e+00 3.564209047528240415e+00 3.055840291882177429e+00
3.184490508329860692e+00 3.082247858341985669e+00 2.847620208849762857e+00
3.573457476109771491e+00 3.413398320089246596e+00 3.252331715472347451e+00
3.204142547885828307e+00 3.071326573132780791e+00 3.017712766847365113e+00
3.497329734817166358e+00 3.303977978484534894e+00 3.101567246541837797e+00
3.425096687360634995e+00 3.294821821778371351e+00 3.159950319000974783e+00
3.305979022601929440e+00 3.185914196603252702e+00 3.135010111422562140e+00
3.383376662193455342e+00 3.331602877764900494e+00 3.113926867829807321e+00
