8.940585699684486798e-01 8.823045816113407325e-01 8.817713193796375970e-01
8.907479002799626455e-01 8.814824690041327404e-01 8.755869587758657868e-01
8.860151979736035077e-01 8.782162378349553933e-01 8.742686160363796199e-01
8.903701728658400816e-01 8.813269341865529460e-01 8.753351404997843366e-01
8.929920455050437411e-01 8.791605563702616921e-01 8.745056214726935062e-01
8.945251744211882849e-01 8.813935919655156992e-01 8.772163711505126527e-01
8.999022352575212214e-01 8.854819357419010384e-01 8.789716926632016314e-01
8.922588099364529013e-01 8.829489401413145311e-01 8.770089913937392234e-01
8.906590232413456043e-01 8.787383904368306631e-01 8.722170377283040565e-01
8.900591032306803818e-01 8.803715060214193366e-01 8.733798456502100960e-01
