3.926705327174758953e+00 3.396825586451928114e+00 3.763741343833173936e+00
3.832820690033611921e+00 3.462145451765913151e+00 3.603434685598344789e+00
3.883254065633627405e+00 3.070037679656550722e+00 3.523458550454510618e+00
3.880118046493389095e+00 3.301543170430060403e+00 3.613335353005027173e+00
3.980481301762542223e+00 3.495461462000847064e+00 3.692191032080842650e+00
3.913458137440160023e+00 3.624540708492590468e+00 3.702007030324087289e+00
3.963592473054784904e+00 3.705501928946546286e+00 3.712319580289876075e+00
3.917679577633844001e+00 3.798954096335104946e+00 3.639994793344213164e+00
3.921124625592462110e+00 3.627309199736464596e+00 3.646147283980781584e+00
3.844556338749767210e+00 3.644344486364486269e+00 3.616201854026168672e+00
