9.614940230191529880e-01 9.500955428165133165e-01 9.481476543868144757e-01
9.670266186730658298e-01 9.501399813358218926e-01 9.491104889718303683e-01
9.506288050482157859e-01 9.403857263475980943e-01 9.360233450354606966e-01
9.540727902946274375e-01 9.444185219748477689e-01 9.378971692663069515e-01
9.568946362707194675e-01 9.458072257032396069e-01 9.407116088225161432e-01
9.610274185664133828e-01 9.482402346353819844e-01 9.457627871839221489e-01
9.498955694796249460e-01 9.371306048082478357e-01 9.397783999170360447e-01
9.556059192107718703e-01 9.425298849042349492e-01 9.407338280821708754e-01
9.576500910989645954e-01 9.542283251122072318e-01 9.497770667614603424e-01
9.638048260231969477e-01 9.483624405634804022e-01 9.448443911182100585e-01
