3.657928761523895567e+00 3.852444394687733809e+00 3.822339839084247792e+00
3.650630523160743213e+00 3.859250477788656486e+00 3.822964837421202411e+00
3.490436909842828506e+00 3.709829970080855244e+00 3.710842385613509098e+00
3.695478351751775303e+00 3.753308831620898012e+00 3.681210899859005625e+00
3.495190430835655615e+00 3.729176288362434200e+00 3.659221202937868789e+00
3.501693500261227943e+00 3.705997875589298829e+00 3.699513823140264002e+00
3.445091124141340888e+00 3.638246515869751896e+00 3.664271261693299309e+00
3.583448396769544075e+00 3.721857603903281575e+00 3.727164265301187829e+00
3.624986778883477090e+00 3.805338754690811065e+00 3.751233085068308881e+00
3.905248362800178175e+00 3.858193721126990106e+00 3.767622118880974647e+00
