3.411762047413624099e+00 3.709430492789965506e+00 3.271694658756515217e+00
3.378902130989378527e+00 3.437965548757218492e+00 3.359655697886104075e+00
3.421479501237279841e+00 3.669885229701960849e+00 3.240289244100727384e+00
3.392637667232581755e+00 3.685942447961719548e+00 3.254751752102288176e+00
3.348256235612697918e+00 3.690817110049394945e+00 3.266790267788444169e+00
3.427327982268298712e+00 3.631125098978909449e+00 3.203586215847981311e+00
3.384653433076525442e+00 3.562505688611163013e+00 3.124792305326453246e+00
3.360143614313876537e+00 3.584305558266497993e+00 3.154025906396190848e+00
3.343600205202506892e+00 3.655303615159981145e+00 3.221697535760334574e+00
3.392134616095983546e+00 3.620011916047268130e+00 3.193569279270140004e+00
