1.601562499999999861e-02 7.436570428696412556e-03 3.725782414307004468e-03
2.722443559096945562e-02 1.060411311053984645e-02 5.838198498748957237e-03
5.401844532279315159e-02 1.705352913311226903e-02 8.264462809917355601e-03
6.119610570236439645e-02 1.728395061728394896e-02 8.666941807676433601e-03
9.263157894736842590e-02 2.074688796680497840e-02 1.128783991790661793e-02
7.857142857142856984e-02 1.978518937252685128e-02 9.933774834437086518e-03
1.047619047619047644e-01 1.979045401629802095e-02 1.079489695780176672e-02
1.295180722891566272e-01 2.427821522309711252e-02 1.146788990825688137e-02
1.033653846153846090e-01 2.164226607256524576e-02 1.155115511551155043e-02
1.388012618296529943e-01 2.328675981370592271e-02 1.095732410611303421e-02
