1.220362622036262135e-03 0.000000000000000000e+00 0.000000000000000000e+00
2.450122506125306052e-03 0.000000000000000000e+00 0.000000000000000000e+00
4.219409282700421586e-03 9.560229445506692088e-05 0.000000000000000000e+00
4.291845493562231745e-03 0.000000000000000000e+00 0.000000000000000000e+00
1.008645533141210374e-02 1.005328239670252307e-04 0.000000000000000000e+00
8.168028004667444303e-03 0.000000000000000000e+00 0.000000000000000000e+00
5.867560771165129981e-03 0.000000000000000000e+00 0.000000000000000000e+00
2.077151335311572602e-02 0.000000000000000000e+00 0.000000000000000000e+00
1.080246913580246854e-02 0.000000000000000000e+00 0.000000000000000000e+00
2.011494252873563190e-02 0.000000000000000000e+00 0.000000000000000000e+00
