9.451855075617451307e-01 9.012512240235012184e-01 8.836252856054835902e-01
9.681209879229680793e-01 9.329996735937330365e-01 9.221847459471221864e-01
9.843760200195843524e-01 9.548471330649548339e-01 9.451637471439451321e-01
9.853117179849852914e-01 9.566967685779567132e-01 9.477314764443477424e-01
9.906212599281906117e-01 9.640517897943640113e-01 9.580676748993580683e-01
9.887716244151887324e-01 9.622674355347622388e-01 9.544554455445544150e-01
9.918180829071918669e-01 9.633554564247633900e-01 9.561309977151560835e-01
9.937112392557937435e-01 9.676422587313676660e-01 9.624850397127624468e-01
9.918833641605918627e-01 9.665542378413665148e-01 9.608965292133608838e-01
9.940594059405940541e-01 9.680557066695680835e-01 9.626808834729626563e-01
