8.472551790332470967e-01 7.214653264723918102e-01 5.925027328232063129e-01
9.240141840189831646e-01 7.049350787852933786e-01 5.814381315487775481e-01
9.559548884208280972e-01 7.211453861945770205e-01 5.892766683552403961e-01
9.567014157357293103e-01 7.403151411736476062e-01 5.947423147679099520e-01
9.816834190951022610e-01 7.348228330711600309e-01 5.983949662729624031e-01
9.773375636547844136e-01 7.339163356173514785e-01 5.967686031940704350e-01
9.683792358759698571e-01 7.545524835364065819e-01 6.015410456714747056e-01
9.912016423600927828e-01 7.415415789052710593e-01 6.027408217132801393e-01
9.829098568267257141e-01 7.452208921001413078e-01 6.018076625696536786e-01
9.909083637720959015e-01 7.451942304103233994e-01 6.030074386114592233e-01
