3.508994954047619519e+00 3.457650698221883978e+00 3.345719491378538191e+00
3.706638508201934634e+00 3.522269183088017286e+00 3.223208943296276718e+00
3.975468196009796173e+00 3.581787350417724891e+00 3.435458811091990139e+00
4.042460379804698078e+00 3.960203706701450166e+00 3.676630646155403692e+00
3.283601394694541487e+00 3.325390567120190433e+00 3.236402869982166752e+00
3.703530509982619900e+00 3.433943999704972772e+00 3.409654155656301366e+00
4.289270018911078175e+00 4.126514926042746723e+00 3.791359232514181166e+00
3.768011121536043895e+00 3.606862391920180766e+00 3.297518953109255690e+00
3.803909435920954873e+00 3.728065288103937558e+00 3.585345937621970513e+00
4.189270872003641344e+00 3.773942982471517826e+00 3.487035830685908167e+00
