3.730922120294733357e+00 3.753635099339587722e+00 3.722539728317009633e+00
3.823078805677504022e+00 3.605138906666081500e+00 3.701596482465900007e+00
4.234467066776940847e+00 3.971777126592588303e+00 3.971370565042934064e+00
4.082525148379023250e+00 4.019535726139975118e+00 3.986095020121181332e+00
3.899976118581443441e+00 3.956158937156725397e+00 3.936174282578467132e+00
3.659844527015603699e+00 3.769553469527724410e+00 3.794069470439932701e+00
4.129449199517342350e+00 3.961382153439224396e+00 3.941857038594750673e+00
3.913842932945975850e+00 3.852098102275128166e+00 3.845183748638395294e+00
3.769262059720327240e+00 3.755898234399553282e+00 3.736578684192505939e+00
4.160568983450127156e+00 4.014695899349729480e+00 3.917146468503475365e+00
