1.136363636363636326e-01 9.090909090909091161e-02 2.272727272727272790e-02
1.818181818181818232e-01 4.545454545454545581e-02 2.272727272727272790e-02
1.590909090909090884e-01 4.545454545454545581e-02 2.272727272727272790e-02
1.590909090909090884e-01 4.545454545454545581e-02 2.272727272727272790e-02
1.818181818181818232e-01 6.818181818181817677e-02 2.272727272727272790e-02
1.590909090909090884e-01 9.090909090909091161e-02 4.545454545454545581e-02
1.590909090909090884e-01 6.818181818181817677e-02 4.545454545454545581e-02
2.045454545454545581e-01 6.818181818181817677e-02 4.545454545454545581e-02
2.045454545454545581e-01 6.818181818181817677e-02 4.545454545454545581e-02
1.818181818181818232e-01 9.090909090909091161e-02 4.545454545454545581e-02
