7.659574468085106336e-01 4.680851063829787329e-01 3.191489361702127825e-01
7.234042553191489811e-01 4.893617021276595591e-01 2.765957446808510745e-01
7.234042553191489811e-01 5.106382978723403854e-01 2.127659574468085124e-01
7.446808510638297518e-01 4.893617021276595591e-01 2.553191489361701927e-01
6.808510638297872175e-01 5.319148936170212671e-01 2.553191489361701927e-01
7.021276595744680993e-01 5.106382978723403854e-01 2.340425531914893664e-01
7.021276595744680993e-01 4.680851063829787329e-01 2.765957446808510745e-01
6.808510638297872175e-01 4.468085106382978511e-01 2.340425531914893664e-01
7.021276595744680993e-01 4.468085106382978511e-01 2.765957446808510745e-01
6.382978723404255650e-01 4.893617021276595591e-01 2.978723404255319007e-01
