2.765957446808510745e-01 6.382978723404254817e-02 0.000000000000000000e+00
2.765957446808510745e-01 6.382978723404254817e-02 0.000000000000000000e+00
2.978723404255319007e-01 4.255319148936170109e-02 2.127659574468085055e-02
2.978723404255319007e-01 4.255319148936170109e-02 0.000000000000000000e+00
2.553191489361701927e-01 6.382978723404254817e-02 0.000000000000000000e+00
2.553191489361701927e-01 6.382978723404254817e-02 4.255319148936170109e-02
2.553191489361701927e-01 6.382978723404254817e-02 2.127659574468085055e-02
2.553191489361701927e-01 4.255319148936170109e-02 2.127659574468085055e-02
2.553191489361701927e-01 2.127659574468085055e-02 0.000000000000000000e+00
2.553191489361701927e-01 4.255319148936170109e-02 0.000000000000000000e+00
