8.243716679360243438e-01 7.709280818191709406e-01 7.392449135023392293e-01
8.475247524752475003e-01 8.163420737678163119e-01 7.860950930257860625e-01
9.105429224241105013e-01 8.441954085518441619e-01 8.067022086824067184e-01
8.882384941790882893e-01 8.539223153084539719e-01 8.317702099880317501e-01
9.166140789903166608e-01 8.561853987596561577e-01 8.243281471004243466e-01
9.101294744859100838e-01 8.674137743444674253e-01 8.447829398324447903e-01
9.019693178109019494e-01 8.546621695136547014e-01 8.352953976716352980e-01
9.455336742465455524e-01 9.086715264933086234e-01 8.901098901098900562e-01
9.305407463823305303e-01 8.892177129800892255e-01 8.734631704928734752e-01
9.300402567729300074e-01 8.955717549776955888e-01 8.610162115112610648e-01
