6.206288760744206323e-01 5.070830159939070381e-01 4.388641061908388763e-01
6.631922532912631896e-01 4.926340985746926471e-01 4.558154716570558262e-01
6.914155151778914599e-01 5.090849744315091296e-01 4.502012838646501924e-01
6.920030464584919772e-01 5.055162659123054736e-01 4.471113045370471162e-01
7.048416929605048065e-01 5.297573713415297814e-01 4.584920030464584850e-01
7.269067566097269228e-01 5.437710804047437563e-01 4.523990860624523824e-01
7.064519638777064792e-01 5.382439342835382279e-01 4.556413883146556154e-01
7.540637580241540405e-01 5.600043520835600308e-01 4.664563159612664656e-01
7.458383200957457992e-01 5.435752366445435468e-01 4.578391905124578609e-01
7.619627896855619698e-01 5.574366227831574205e-01 4.677619410292677693e-01
