2.965622444138211744e+00 2.852413838174466143e+00 2.873814563515344922e+00
3.070959708912313513e+00 3.271529326044193997e+00 3.007919178847476172e+00
2.851675943592165918e+00 3.109627013624720160e+00 3.097312094198864330e+00
2.659828979864474086e+00 3.131840693756555272e+00 3.112505317291821338e+00
2.811461207904533133e+00 2.933077747186756845e+00 2.819265489172624317e+00
2.907851681610849948e+00 3.213984086967192066e+00 2.968773775137975246e+00
2.686265473235600165e+00 2.820357834535796027e+00 2.767551699764380757e+00
2.916057410196286170e+00 3.070457566486491707e+00 2.776024418566778174e+00
2.828484217586298310e+00 2.997987560314451017e+00 2.863989458322691029e+00
2.998554871727034499e+00 3.165204158731147022e+00 2.857880477395499330e+00
