1.923076923076923184e-02 0.000000000000000000e+00 0.000000000000000000e+00
5.769230769230769551e-02 1.923076923076923184e-02 0.000000000000000000e+00
5.769230769230769551e-02 0.000000000000000000e+00 1.923076923076923184e-02
5.769230769230769551e-02 1.923076923076923184e-02 0.000000000000000000e+00
3.846153846153846367e-02 0.000000000000000000e+00 0.000000000000000000e+00
5.769230769230769551e-02 0.000000000000000000e+00 0.000000000000000000e+00
5.769230769230769551e-02 0.000000000000000000e+00 0.000000000000000000e+00
3.846153846153846367e-02 3.846153846153846367e-02 0.000000000000000000e+00
5.769230769230769551e-02 0.000000000000000000e+00 0.000000000000000000e+00
5.769230769230769551e-02 1.923076923076923184e-02 0.000000000000000000e+00
