2.439024390243902385e-01 2.195121951219512202e-01 1.463414634146341375e-01
4.146341463414633943e-01 1.707317073170731836e-01 1.707317073170731836e-01
4.878048780487804770e-01 2.926829268292682751e-01 2.439024390243902385e-01
6.097560975609755962e-01 3.414634146341463672e-01 2.439024390243902385e-01
5.853658536585365502e-01 3.414634146341463672e-01 2.195121951219512202e-01
5.121951219512195230e-01 4.390243902439024404e-01 2.439024390243902385e-01
5.853658536585365502e-01 4.146341463414633943e-01 2.439024390243902385e-01
6.097560975609755962e-01 3.902439024390244038e-01 2.195121951219512202e-01
6.097560975609755962e-01 3.902439024390244038e-01 1.951219512195122019e-01
6.341463414634146423e-01 3.902439024390244038e-01 2.439024390243902385e-01
