7.335001632031334928e-01 6.597758676966597458e-01 4.935045152866934792e-01
7.287346317049286926e-01 5.890762702643890236e-01 4.586660863888586404e-01
7.586552061799586300e-01 6.838428897834838427e-01 6.419976063540420164e-01
7.482319660537481987e-01 6.531171798498530690e-01 6.270699597432271011e-01
8.175824175824175644e-01 7.386356218039386023e-01 6.895876400826895791e-01
8.447176585790446834e-01 6.781851811554782117e-01 6.609291698400608928e-01
8.359917310412360303e-01 6.874115983026873877e-01 6.646284408660646514e-01
8.304645849200305019e-01 7.107387661843107551e-01 6.832335980850832158e-01
8.743335872048743074e-01 7.389620280709389144e-01 6.975737134152976138e-01
8.150799695354150609e-01 7.764987487759764662e-01 7.376999238385376634e-01
