6.159286258296159389e-01 5.302361005331301946e-01 4.594929822652594753e-01
6.979001196822979258e-01 5.872048743335872567e-01 4.845174627352845098e-01
7.645305189859645800e-01 5.627244043085627423e-01 4.875856816450875875e-01
6.898270046784897858e-01 6.159939070830160457e-01 4.822761397018822671e-01
7.737134152975737589e-01 5.896202807093896547e-01 4.802741812642802866e-01
7.869872701555870043e-01 5.932107496463931984e-01 4.812098792296812255e-01
7.926667392013926339e-01 5.888369056685888170e-01 4.869981503644870147e-01
7.290392775541290060e-01 6.178870634316179222e-01 4.906321401370906110e-01
7.898378848873898184e-01 5.753236862147753650e-01 4.836252856054836236e-01
7.543684038733543540e-01 6.000217604177999764e-01 4.900446088564900382e-01
