4.498125465740812068e+00 3.759181317956179935e+00 3.132350913314910112e+00
4.177562761702754202e+00 3.267702008344331333e+00 2.637916479326723795e+00
4.528283085322393653e+00 4.177058861935268652e+00 3.580313981378174137e+00
4.363472781536287037e+00 4.205893455157001526e+00 3.714373832766957761e+00
4.188222023261570115e+00 3.923419616453757364e+00 3.659431354602801445e+00
4.249026636306380666e+00 4.305703641032464724e+00 3.907834126451126266e+00
4.271229423082192334e+00 4.207109047498098775e+00 3.758524326906828250e+00
4.118804285546160848e+00 3.885094819450421788e+00 3.676530002183044932e+00
4.056551028327686659e+00 3.922330115770882752e+00 3.944787520710302253e+00
3.833505196095638112e+00 3.711895006428286958e+00 3.846503398480761060e+00
