7.746933505487410944e-04 2.226014691696965068e-04 1.097273275909365161e-04
1.258494840171155279e-03 3.875668552825362501e-04 1.163264119118245793e-04
1.564537157757496695e-03 1.554122309425751852e-04 1.168156065650370883e-04
8.604000860400086567e-04 1.499812523434570697e-04 1.133016088828461387e-04
1.322751322751322678e-03 1.613944480309877235e-04 1.139601139601139555e-04
1.395089285714285745e-03 2.439421044072206924e-04 1.193744777366598963e-04
7.154355213736361555e-04 2.177858439201451810e-04 1.128540796749802507e-04
5.115961800818553647e-04 3.200256020481638585e-04 5.832944470368642211e-05
5.907837731390310930e-04 2.368919772583701804e-04 1.158547181833980252e-04
5.403458213256484609e-04 7.733952049497292704e-05 1.135524896383353156e-04
