8.549292011755277310e-03 3.891050583657587603e-03 2.182725288431555926e-03
7.260541748115051375e-03 4.132231404958677801e-03 2.358996354278361778e-03
4.404208465867384334e-03 4.128440366972477293e-03 2.727654217373059152e-03
4.989793603991835025e-03 3.201024327784891040e-03 2.021427127552051940e-03
5.061155630535638800e-03 2.490421455938697428e-03 1.683218313415249913e-03
3.099814011159330619e-03 2.930259816370384650e-03 1.355800890954871182e-03
2.912267928649435629e-03 1.731002250302925453e-03 1.327800829875518639e-03
2.383134738771768880e-03 9.009009009009009148e-04 1.413177883766119150e-03
2.941717227431513235e-03 1.617832104979327786e-03 1.363791339924991415e-03
1.756851721714687174e-03 1.750393838613688085e-03 6.743088334457181298e-04
