9.192470895441192669e-01 8.941573278206941255e-01 8.607333260798607499e-01
9.226417147209226011e-01 9.160918289631161393e-01 8.987705363942988246e-01
9.114568599717114417e-01 9.055162659123054958e-01 8.965727341964965236e-01
9.045370471113045596e-01 8.983570884560984071e-01 8.925688173212925625e-01
8.973343488194973627e-01 8.866935045152867234e-01 8.709389620280709732e-01
8.950277445326950687e-01 8.889348275486889106e-01 8.878032858230877622e-01
8.807964312914807747e-01 8.745076705472745182e-01 8.690675660972690952e-01
8.815798063322816125e-01 8.793384832988793143e-01 8.769883581764770231e-01
8.819932542704820300e-01 8.791426395386791048e-01 8.725274725274725363e-01
8.763573060602763976e-01 8.759003372864758719e-01 8.710042432814709690e-01
