7.940550321996913130e-01 6.418204051252059950e-01 5.153956604977664169e-01
8.941160773849232690e-01 6.561800149301482143e-01 5.418054852208215033e-01
8.976175833578438068e-01 6.558337345530412810e-01 5.422237672478339432e-01
8.768296563428086277e-01 6.432164838105431937e-01 5.277465617809171672e-01
8.994379178987186307e-01 6.686722823906939839e-01 5.308523152603999984e-01
9.045981607357057586e-01 6.723692274895408660e-01 5.535419220723841738e-01
8.526790422951165960e-01 6.324918610236430760e-01 5.273406241664443383e-01
8.495868192783452288e-01 6.673942555966673185e-01 5.440691489361701993e-01
8.645872245050429949e-01 6.613528766683606230e-01 5.384389122122095195e-01
8.570029635356268827e-01 6.540365524069465808e-01 5.288152825342465890e-01
