3.993347177625904632e+00 3.829351287612267729e+00 3.534501255182478374e+00
3.787658220966059197e+00 3.721679513327532884e+00 3.721606003618423752e+00
3.811225006314266750e+00 3.886033579799349713e+00 3.762705217092401355e+00
3.949344604575747208e+00 4.035340435694461547e+00 3.871312298316826439e+00
3.966170871031013956e+00 4.078088954491504659e+00 3.858631162543691762e+00
3.700917761662310568e+00 3.965468946026432739e+00 3.843183368430965974e+00
3.663277446803780979e+00 3.954998527293513977e+00 3.870210819944590153e+00
3.720929430459594567e+00 3.985279841287470592e+00 3.878162349409392640e+00
3.814363792736443326e+00 4.060739120250349110e+00 3.895519132086490366e+00
3.707238798097640231e+00 4.004923438573208649e+00 3.876573714546119209e+00
