4.791344667697063076e-02 1.413644744929317722e-02 5.178663904712584379e-03
4.092071611253197266e-02 1.136363636363636395e-02 6.280193236714975633e-03
3.397027600849256840e-02 1.129943502824858753e-02 5.985267034990792226e-03
2.615518744551002459e-02 1.066790352504638252e-02 5.327868852459016064e-03
2.990654205607476759e-02 1.126898579127878428e-02 5.739514348785871960e-03
2.735042735042735040e-02 1.068773234200743466e-02 5.284552845528455063e-03
2.927289896128423136e-02 9.476720230737535958e-03 5.038759689922480550e-03
2.214532871972318268e-02 9.205020920502092474e-03 4.876219054763691191e-03
2.076573653471771447e-02 9.547530095475301529e-03 4.465947152958689610e-03
2.152777777777777762e-02 9.647651006711409349e-03 4.816598740274175353e-03
