5.369127516778523374e-02 2.078353943676608062e-04 1.351442665044935417e-04
3.571428571428571230e-02 2.075550020755500191e-04 1.352447930754665942e-04
3.238866396761133637e-02 2.077922077922078029e-04 1.350256548744261330e-04
2.711864406779660938e-02 2.072753653228313767e-04 1.352630867036385678e-04
3.319502074688796683e-02 2.069108214359610903e-04 1.351260049996621767e-04
3.864734299516908028e-02 2.078137988362427303e-04 1.351077484293724379e-04
3.065134099616858079e-02 2.069964810598219770e-04 1.353088424328529953e-04
2.711864406779660938e-02 2.057824879102788322e-04 1.358787961138664289e-04
3.162055335968379233e-02 2.065902282822022632e-04 1.350074254083974499e-04
2.439024390243902524e-02 2.061643129574270632e-04 1.356116083536750797e-04
