9.865955826351865410e-01 9.650962898487650543e-01 9.581982374061581709e-01
9.836796866499837311e-01 9.602437166793602596e-01 9.552388205853552527e-01
9.801980198019801804e-01 9.581111957349580655e-01 9.530192579697530642e-01
9.756936133173756964e-01 9.535850288325535828e-01 9.471874659993472223e-01
9.774126863235773621e-01 9.560874768795560863e-01 9.509955391143509740e-01
9.752366445435752818e-01 9.536720705037536883e-01 9.467522576433468062e-01
9.776302905015776812e-01 9.476879556087476342e-01 9.441410075073440877e-01
9.692525296485692277e-01 9.484713306495484719e-01 9.422696115765423208e-01
9.671635295397671417e-01 9.480796431291480530e-01 9.417908823849417965e-01
9.693395713197693331e-01 9.486236535741485731e-01 9.415515177891415899e-01
