9.962429054864238021e-01 7.436382530842814420e-01 6.057182445575421958e-01
9.942444509579259071e-01 7.432918542993418587e-01 6.060113512217218945e-01
9.936315915691864564e-01 7.435849609635215574e-01 6.053823607780441929e-01
9.923525806709477814e-01 7.429454555144021644e-01 6.060646433424817792e-01
9.937914679314663324e-01 7.424924724879427007e-01 6.056649524367822002e-01
9.946974339843853707e-01 7.436116070239014997e-01 6.056221689315214318e-01
9.932585467238669308e-01 7.425990567294625810e-01 6.061978736443817128e-01
9.923525806709477814e-01 7.410871302957633411e-01 6.078603783639754399e-01
9.934717152069066914e-01 7.420927815822430107e-01 6.053395859422877612e-01
9.914732606784086855e-01 7.415598603746436090e-01 6.070876632027710773e-01
