4.288549237915606938e+00 4.522427713590519538e+00 4.278183146027455308e+00
4.061479677085010564e+00 4.458991112460098272e+00 4.242130687743308926e+00
4.119006707746830642e+00 4.411583970556264944e+00 4.198937505794990699e+00
4.141843036846008630e+00 4.479006084487326511e+00 4.265054198975630761e+00
3.954398593454312660e+00 4.374200523089093018e+00 4.133921100448398889e+00
3.978019494762135899e+00 4.390182664209688390e+00 4.114414580883776651e+00
3.970551706176062901e+00 4.320371675167597125e+00 4.068288828690841186e+00
3.968081166144627581e+00 4.295356557411452059e+00 4.174063469560519657e+00
3.969395299359051776e+00 4.330045981370695074e+00 4.127359016836689598e+00
3.936351176123918272e+00 4.292175226509710839e+00 4.124165217596199362e+00
