1.808510638297872453e-01 2.592852137351086064e-02 1.443174984966927310e-02
1.850533807829181365e-01 2.691511387163561184e-02 1.560624249699879909e-02
1.942446043165467762e-01 2.795248078266946226e-02 1.497902935889754324e-02
1.789473684210526327e-01 2.687801516195727214e-02 1.562500000000000000e-02
1.976284584980237125e-01 2.558782849239280704e-02 1.321321321321321240e-02
1.863799283154121966e-01 2.626123013130614997e-02 1.503307276007215948e-02
1.870503597122302186e-01 2.760524499654934405e-02 1.444043321299639041e-02
1.866197183098591561e-01 2.831491712707182376e-02 1.440576230492196866e-02
1.877256317689530718e-01 2.693370165745856415e-02 1.556886227544910205e-02
1.927272727272727193e-01 2.775850104094378795e-02 1.375598086124401979e-02
