2.333333333333333370e-01 8.374332670365330260e-04 4.682274247491638886e-04
2.727272727272727071e-01 7.330610535134569243e-04 4.682274247491638886e-04
2.545454545454545192e-01 7.326774126020515294e-04 4.681334849194141649e-04
2.333333333333333370e-01 7.329075489477542048e-04 5.350454788657035441e-04
2.456140350877192846e-01 7.326007326007326001e-04 4.680395827761433787e-04
2.089552238805970075e-01 7.325240686479698180e-04 5.350812654671927926e-04
2.343750000000000000e-01 7.333682556312204857e-04 4.012572727880692842e-04
2.542372881355932090e-01 7.330610535134569243e-04 4.681021800187240740e-04
2.586206896551724310e-01 7.326007326007326001e-04 4.681334849194141649e-04
2.187500000000000000e-01 7.329842931937172439e-04 4.682900722504683075e-04
