9.949733434881949945e-01 9.697530192579697506e-01 9.643346752257643262e-01
9.950168643237949917e-01 9.693178109019693345e-01 9.643129148079643276e-01
9.951256664127950957e-01 9.697312588401697520e-01 9.642258731367642222e-01
9.949080622347948877e-01 9.692742900663692263e-01 9.643564356435643248e-01
9.955826351865956214e-01 9.693395713197693331e-01 9.642476335545642208e-01
9.950603851593950999e-01 9.693395713197693331e-01 9.643564356435643248e-01
9.950821455771950985e-01 9.693395713197693331e-01 9.643564356435643248e-01
9.949733434881949945e-01 9.693830921553693303e-01 9.642693939723642194e-01
9.951039059949950971e-01 9.693395713197693331e-01 9.642258731367642222e-01
9.951691872483952039e-01 9.695136546621695439e-01 9.641170710477641181e-01
