9.987745424514479220e-01 7.457175586754402064e-01 6.019127793910008517e-01
9.989343847403895360e-01 7.457974798199110689e-01 6.019127793910008517e-01
9.989077443588991745e-01 7.456642779124597054e-01 6.018328582465301002e-01
9.987745424514479220e-01 7.457441990569304568e-01 6.018861390095106012e-01
9.988544635959186735e-01 7.456376375309694549e-01 6.017529371020593487e-01
9.985880597810160575e-01 7.456109971494792044e-01 6.019127793910008517e-01
9.986946213069771705e-01 7.459040413458720709e-01 6.018062178650398497e-01
9.988278232144284230e-01 7.457974798199110689e-01 6.018062178650398497e-01
9.988544635959186735e-01 7.456376375309694549e-01 6.018328582465301002e-01
9.986679809254868090e-01 7.457708394384207073e-01 6.019660601539813527e-01
