3.353163562487841531e+00 3.075526724478620633e+00 3.081324017095873113e+00
3.222618295794513976e+00 2.933405124868677216e+00 3.507004445121764125e+00
3.411477966921373284e+00 3.352190168105521284e+00 3.591202665633816959e+00
3.503560878981963445e+00 3.568204686558710037e+00 3.604043708747531216e+00
3.586437697718797502e+00 3.559271855354086078e+00 3.909709809255020208e+00
3.678590326101394137e+00 3.681203213630230842e+00 3.775085311032350788e+00
3.741619668448705749e+00 3.211383583131578678e+00 3.517132676568720751e+00
3.733933878959636576e+00 3.763922762750109730e+00 3.384053232320858751e+00
3.437719227320686688e+00 3.311643517879129917e+00 3.888474673734290121e+00
3.557370179330237914e+00 3.741289793958278320e+00 3.910196074345682948e+00
