1.851851851851851749e-02 1.010203050813213491e-04 6.648052120728626096e-05
1.065719360568383699e-02 2.033967253127224554e-04 0.000000000000000000e+00
4.878048780487804874e-03 2.029426686960933532e-04 0.000000000000000000e+00
9.523809523809524669e-03 1.989060169070114314e-04 6.680026720106880416e-05
1.016518424396442230e-02 2.017959842599132390e-04 0.000000000000000000e+00
6.002400960384153897e-03 9.994003597841295242e-05 0.000000000000000000e+00
4.773269689737470386e-03 9.873617693522906643e-05 0.000000000000000000e+00
9.299442033477991424e-04 3.978120338140228628e-04 0.000000000000000000e+00
2.828854314002828951e-03 1.963286541670756873e-04 6.693888479817926491e-05
2.608695652173913249e-03 9.842519685039369942e-05 6.692544505420960487e-05
