1.818181818181818094e-02 8.606557377049180863e-03 3.202846975088967981e-03
1.878238341968911998e-02 5.332239540607054684e-03 2.608047690014903344e-03
1.393534002229654400e-02 6.914433880726015766e-03 2.795248078266946053e-03
1.020408163265306041e-02 5.707297187117815231e-03 3.625576796308503658e-03
9.792401096748922298e-03 4.857997010463377743e-03 2.297341647522153137e-03
9.248554913294798271e-03 5.492493592090808875e-03 2.988047808764940187e-03
8.309248554913294116e-03 4.766768811712632226e-03 1.882648258550360812e-03
8.460236886632825637e-03 4.691689008042895098e-03 2.440512507626601494e-03
6.114338122898196372e-03 4.906470407850352898e-03 2.900232018561484798e-03
5.145278450363196046e-03 4.616805170821791475e-03 2.857142857142857140e-03
