9.706234359699705827e-01 9.473615493417473221e-01 9.390490697421390864e-01
9.670329670329670391e-01 9.472309868349472195e-01 9.417473615493417993e-01
9.615058209117615107e-01 9.499945598955500392e-01 9.378957675987379394e-01
9.514525078881514997e-01 9.469263409857469060e-01 9.342182569905341794e-01
9.449896638015450323e-01 9.420520073985420018e-01 9.338483298879338701e-01
9.440539658361440933e-01 9.408987052551408548e-01 9.346534653465347064e-01
9.402676531389402292e-01 9.363942987705363707e-01 9.307801109781307369e-01
9.362419758459362695e-01 9.353715591339353264e-01 9.288434337939288632e-01
9.292568817321292807e-01 9.293874442389293833e-01 9.251876836035252127e-01
9.284735066913284429e-01 9.296268088347295899e-01 9.240561418779240643e-01
