9.872993050563143580e-01 7.364609404121624792e-01 5.995260663507109289e-01
9.851692094682749090e-01 7.382448479684754483e-01 6.022197971839983177e-01
9.728412812524962483e-01 7.376521021380834098e-01 6.006443367591458582e-01
9.833856967889663681e-01 7.323268631679846763e-01 6.014324892829565616e-01
9.792581942114652049e-01 7.361610352264558177e-01 6.041001064962726597e-01
9.779535106637909925e-01 7.336049205208083901e-01 6.006443367591458582e-01
9.777937534946881115e-01 7.303565247490481083e-01 6.033762015070426310e-01
9.141837739968581289e-01 7.323801155576856736e-01 6.043613707165108595e-01
9.624570652608035459e-01 7.288122054477195189e-01 6.022579013233219092e-01
9.694597545064834732e-01 7.295044865138322621e-01 6.021780227387704132e-01
