3.877619929215535333e+00 3.839135501751592017e+00 3.705071420962713802e+00
3.933615473595935885e+00 3.891500173456581280e+00 3.755477483258671700e+00
4.117211041671358984e+00 4.131679121182707526e+00 4.034188273096609656e+00
3.947418231435764202e+00 3.948030361497862906e+00 3.777374152162721543e+00
3.990292904452854117e+00 4.023020078243648712e+00 3.915095606900143910e+00
4.086756213583453423e+00 4.170168379098503131e+00 4.056701505180208223e+00
4.046235237162998821e+00 4.125131305813063420e+00 3.989939044662169199e+00
4.184520996526098990e+00 4.188184393857175891e+00 4.030261823731976278e+00
4.085656184609198327e+00 4.157766949398759238e+00 4.020847678665464109e+00
4.011089183096182786e+00 4.157836418527466549e+00 4.084649569778510347e+00
