4.411453124705182027e+00 3.853855017393811977e+00 3.586512721177333329e+00
3.909267154621119289e+00 3.809835040658699157e+00 3.560872569658871889e+00
4.359138537849392314e+00 3.647979315271354217e+00 3.476789885038912953e+00
4.218040340583938175e+00 3.522099001426669318e+00 3.354173071532948747e+00
3.992711342795299156e+00 3.293018692672855519e+00 3.232821673775162274e+00
3.941048044457926558e+00 3.346160144126192559e+00 3.246628872494113249e+00
3.948898654544090281e+00 3.273776411899453453e+00 3.174316547049780723e+00
4.249226545472539307e+00 3.503372345816408107e+00 3.417469356679982084e+00
3.948352684628105624e+00 3.213066116419394547e+00 3.197420828409889282e+00
3.899638137148258910e+00 3.142439105561834811e+00 3.160504249689065404e+00
