9.846020530595920306e-01 9.756476914189219363e-01 9.712112459079574878e-01
9.839354752699640549e-01 9.751255388170466665e-01 9.706113258972918212e-01
9.856463582633426812e-01 9.765142425454383934e-01 9.720037328356264661e-01
9.857352353019597224e-01 9.767031062524996754e-01 9.721370483935507512e-01
9.853130693685286934e-01 9.764142558769941527e-01 9.720852034543578934e-01
9.862907167933164798e-01 9.773585744123005625e-01 9.728110326030654509e-01
9.859796471581566690e-01 9.768586410700795808e-01 9.724036795094027630e-01
9.864240323512420971e-01 9.773474647824734740e-01 9.729295353212203956e-01
9.865351286495134264e-01 9.777251921965960380e-01 9.732554177961503239e-01
9.853352886281828704e-01 9.767919832911167166e-01 9.724851501281350785e-01
