3.689410409640085042e+00 3.637343389784885250e+00 3.577182360624879376e+00
3.727964727060253836e+00 3.658593082164231181e+00 3.592359264459620061e+00
3.805073242130250666e+00 3.697747520018093148e+00 3.645807267994579881e+00
3.843170215843700444e+00 3.711105650257950472e+00 3.674503388129574333e+00
3.842344701065295354e+00 3.746694887261386775e+00 3.774987816840057686e+00
3.706677280705408695e+00 3.702143551352603090e+00 3.752674095590394998e+00
3.913785147248513674e+00 3.819000986038382894e+00 3.786301766445705486e+00
3.701872494437929539e+00 3.676316569188201377e+00 3.808581903404418156e+00
3.600746775401036714e+00 3.658449021086185748e+00 3.799180666224457159e+00
3.591637549310836786e+00 3.665530186189881245e+00 3.773004638016882240e+00
