2.281935799384033903e+00 2.631552926649467494e+00 2.992256125804266365e+00
2.134544545219885237e+00 2.417394196018395558e+00 2.846663007346739160e+00
2.198510788637177082e+00 2.517654131600893574e+00 2.920253294734801663e+00
2.164358378807699879e+00 2.543978315133176515e+00 2.937240456240810982e+00
2.092011848531194484e+00 2.415692253864993422e+00 2.870467896236563732e+00
2.203544095668535263e+00 2.602892065176552805e+00 2.975008079948787021e+00
2.133042823552692369e+00 2.452859212205569239e+00 2.891063867587831737e+00
2.103106587186093446e+00 2.444897342918887162e+00 2.881922371620700307e+00
2.105054885890752736e+00 2.459993195379432951e+00 2.886224257177155028e+00
2.153390413040886298e+00 2.552541832513179898e+00 2.936733490165863714e+00
