9.410523041372261810e-01 9.285761898413544824e-01 9.214845428016966711e-01
9.500955428165133165e-01 9.395525041105630137e-01 9.320386911374752836e-01
9.572945829444963195e-01 9.468515309069901464e-01 9.387933460723729695e-01
9.506510243078700739e-01 9.371306048082478357e-01 9.294168184982690706e-01
9.497622539216993287e-01 9.393080922543660671e-01 9.329496807833020933e-01
9.409856463582633168e-01 9.360751899746700966e-01 9.299352678902069735e-01
9.441852197484780218e-01 9.313091587788294712e-01 9.236249981483930505e-01
9.576945296182731715e-01 9.473181353597298626e-01 9.396154586795842922e-01
9.419632937830511032e-01 9.306870195085099606e-01 9.223510939282115739e-01
9.453406212504998907e-01 9.314313647069280000e-01 9.237360944466591617e-01
