4.155401869046574603e+00 4.061812351742116967e+00 3.938901248761595753e+00
4.395023505847739820e+00 4.173614707393177525e+00 3.930196155551963777e+00
5.031526498950968040e+00 4.496668258154254971e+00 4.060664724967302242e+00
4.643108584133877059e+00 4.309107535192059579e+00 4.042436016119305364e+00
4.699659732216445285e+00 4.350997275665901221e+00 4.028388206626726031e+00
4.974802729543236879e+00 4.487855963196295761e+00 4.054743485881843412e+00
4.912284648518944863e+00 4.414419283065797117e+00 3.995813927284969314e+00
4.619689040362620958e+00 4.271442961004348504e+00 3.975739177315232631e+00
4.318913884328019037e+00 4.034577070134341525e+00 3.779600412729322567e+00
4.784486404990467179e+00 4.368860160118940072e+00 3.936412162932296344e+00
