8.231346931520241439e-01 8.243123139137004118e-01 8.189648787569308030e-01
8.334444296316046996e-01 8.276452028618406231e-01 8.197721785243650139e-01
8.109585388614851675e-01 8.208461094076345832e-01 8.140470159534541894e-01
8.043816380038216751e-01 8.191130071546015579e-01 8.145580589255003723e-01
8.246011642892059346e-01 8.204572723636848197e-01 8.195573923477108558e-01
8.176020974981114131e-01 8.257565657912278034e-01 8.235864847650107290e-01
8.286228502866284096e-01 8.254788250455494802e-01 8.204239434742208736e-01
8.270452828511754007e-01 8.307225703239567993e-01 8.254084640566585751e-01
8.230013775940985266e-01 8.259343198684619969e-01 8.223644254840247747e-01
8.489534728702839983e-01 8.514198106919077524e-01 8.456650224414613559e-01
