3.209482350464972988e+00 3.311686440396057751e+00 3.388371870123675578e+00
3.209068832821503126e+00 3.238942000441417779e+00 3.296667534301976676e+00
3.207351482907062845e+00 3.271903434940787392e+00 3.319056681007347631e+00
3.194732370624413953e+00 3.288353225650339162e+00 3.341640238744505442e+00
3.310131527471610102e+00 3.343589466393600773e+00 3.371674343079396508e+00
3.232092565824755237e+00 3.305923493810780212e+00 3.344147505414311716e+00
3.377308216228025017e+00 3.346529556865468713e+00 3.366321897947349928e+00
3.175517554871778003e+00 3.269923740780152244e+00 3.324657126486357583e+00
3.372729207284192565e+00 3.332051741995795791e+00 3.399124723611747001e+00
3.509688159642521565e+00 3.437695715033033839e+00 3.465318029449146131e+00
