6.065857885615251466e-02 1.216389244558258725e-02 6.366047745358090031e-03
5.660377358490566169e-02 9.511731135066581883e-03 4.802561366061899872e-03
7.279693486590038676e-02 1.076630778974034183e-02 4.766949152542373190e-03
6.620209059233449211e-02 1.199494949494949413e-02 5.882352941176470507e-03
6.434782608695652217e-02 1.269035532994923846e-02 6.386375731772218900e-03
6.830122591943957322e-02 1.201771030993042423e-02 5.336179295624333095e-03
6.854130052724077826e-02 1.331642358909321429e-02 5.341880341880341984e-03
7.042253521126760896e-02 1.332487309644670055e-02 6.413682522715125935e-03
7.243816254416961253e-02 1.272264631043256919e-02 6.413682522715125935e-03
6.866197183098592116e-02 1.396825396825396824e-02 6.933333333333333015e-03
