1.901140684410646334e-02 0.000000000000000000e+00 0.000000000000000000e+00
1.673640167364016593e-02 0.000000000000000000e+00 6.660450246436659704e-05
2.409638554216867595e-02 0.000000000000000000e+00 0.000000000000000000e+00
3.030303030303030387e-02 0.000000000000000000e+00 0.000000000000000000e+00
3.846153846153846367e-02 0.000000000000000000e+00 0.000000000000000000e+00
3.048780487804877981e-02 0.000000000000000000e+00 6.668889629876625415e-05
3.906250000000000000e-02 0.000000000000000000e+00 0.000000000000000000e+00
3.571428571428571230e-02 0.000000000000000000e+00 0.000000000000000000e+00
3.086419753086419582e-02 0.000000000000000000e+00 6.664001066240170593e-05
2.912621359223301065e-02 0.000000000000000000e+00 0.000000000000000000e+00
