9.882058535523882137e-01 9.664236753345664122e-01 9.592427374605592139e-01
9.880317702099880028e-01 9.660102273963659947e-01 9.594168208029594247e-01
9.894679577847894647e-01 9.660102273963659947e-01 9.591121749537591112e-01
9.883364160591883163e-01 9.659449461429659989e-01 9.595473833097595273e-01
9.882928952235883191e-01 9.661407899031660973e-01 9.593732999673594275e-01
9.884234577303884217e-01 9.660102273963659947e-01 9.594385812207594233e-01
9.884669785659884189e-01 9.661407899031660973e-01 9.594821020563595315e-01
9.885104994015885271e-01 9.661625503209662069e-01 9.595473833097595273e-01
9.885757806549885229e-01 9.662278315743662027e-01 9.595473833097595273e-01
9.884887389837885285e-01 9.662060711565662041e-01 9.594821020563595315e-01
