9.931095264802499711e-01 7.424092717707693190e-01 5.987547099222362279e-01
9.937261393064046322e-01 7.419440958966281308e-01 5.987116433229979773e-01
9.956709956709957066e-01 7.426555107059797933e-01 5.988294403762894902e-01
9.957254681948117803e-01 7.424258616083355689e-01 5.989847715736040801e-01
9.959919839679358677e-01 7.426380204157981835e-01 5.989899259813483701e-01
9.957510488762993939e-01 7.424250521028161742e-01 5.992623476587556341e-01
9.967119332763045847e-01 7.431511425898703616e-01 5.992783642923961152e-01
9.963916285783016580e-01 7.428701253574960806e-01 5.979785588564723309e-01
9.958062878970003196e-01 7.432443268382648016e-01 5.990862211772249868e-01
9.946631087391594184e-01 7.426374389234506879e-01 5.980371239598890609e-01
