3.811884520793224596e+00 4.158839323010326439e+00 4.040873685766850798e+00
4.038848690010452103e+00 3.987466987247204386e+00 4.063543136214345708e+00
4.172162903053890481e+00 4.154895814420307865e+00 3.883538781182083621e+00
4.097120396168333123e+00 4.265017641233905366e+00 4.099050507959572265e+00
4.086862599965575882e+00 4.189817321859099053e+00 3.953351829096455106e+00
4.044457540476551927e+00 4.176128703188462410e+00 4.020375196224581948e+00
4.165089613065416252e+00 4.304334482260692596e+00 4.081684607726251635e+00
4.119626985057022850e+00 4.393838867838038453e+00 4.217396831140641567e+00
4.138135994132577267e+00 4.281317277831449886e+00 4.141672994222170168e+00
4.129227745284668849e+00 4.340214649723292517e+00 3.995078653986884998e+00
