8.695652173913043237e-02 4.347826086956521618e-02 2.173913043478260809e-02
8.695652173913043237e-02 4.347826086956521618e-02 0.000000000000000000e+00
8.695652173913043237e-02 4.347826086956521618e-02 2.173913043478260809e-02
8.695652173913043237e-02 6.521739130434782428e-02 2.173913043478260809e-02
1.086956521739130405e-01 4.347826086956521618e-02 2.173913043478260809e-02
8.695652173913043237e-02 6.521739130434782428e-02 4.347826086956521618e-02
8.695652173913043237e-02 6.521739130434782428e-02 2.173913043478260809e-02
8.695652173913043237e-02 8.695652173913043237e-02 2.173913043478260809e-02
1.086956521739130405e-01 6.521739130434782428e-02 2.173913043478260809e-02
1.086956521739130405e-01 6.521739130434782428e-02 4.347826086956521618e-02
