9.854640409095855036e-01 9.636818626917637021e-01 9.570231748449570253e-01
9.868131868131868600e-01 9.649657273419649517e-01 9.586116853443585883e-01
9.873789576759873787e-01 9.668588836905668282e-01 9.591992166249592167e-01
9.877271243607876894e-01 9.672505712109672471e-01 9.593732999673594275e-01
9.879882493743880056e-01 9.673158524643673539e-01 9.600913937547600474e-01
9.879229681209878988e-01 9.675116962245675634e-01 9.600696333369600488e-01
9.880752910455881111e-01 9.677075399847676618e-01 9.597432270699597368e-01
9.880535306277880014e-01 9.676640191491676646e-01 9.603960396039603609e-01
9.884016973125884231e-01 9.679033837449678712e-01 9.603089979327602554e-01
9.882493743879882109e-01 9.680339462517680849e-01 9.604830812751604663e-01
