8.063105211620062995e-01 6.036557501904036283e-01 4.873463170492873253e-01
8.071809378740071317e-01 6.043085627244043634e-01 4.886084212816886319e-01
8.082254379284081747e-01 6.047437710804047795e-01 4.883908171036883683e-01
8.122511152214122454e-01 6.051136981830050887e-01 4.886737025350886832e-01
8.129692090088129763e-01 6.052660211076053010e-01 4.890653900554890465e-01
8.124034381460124576e-01 6.055924273746056130e-01 4.894353171580894113e-01
8.132085736046131830e-01 6.057229898814057156e-01 4.892612338156892560e-01
8.133391361114132856e-01 6.058317919704058196e-01 4.893482754868893614e-01
8.133391361114132856e-01 6.058100315526058210e-01 4.895005984114895181e-01
8.136002611250136018e-01 6.059405940594059237e-01 4.895876400826895680e-01
