3.695447059117216160e+00 3.906698176464021621e+00 3.463768825856387679e+00
3.906796744626040763e+00 3.609672396011045059e+00 3.499889337008584622e+00
3.901676026905968708e+00 3.856942330397493901e+00 3.668511927040202458e+00
3.827629153882448509e+00 3.807933941565351255e+00 3.546484462998293008e+00
4.010422860654180077e+00 4.042683922541487007e+00 3.702517943815571755e+00
3.688020672488297347e+00 3.905308534796362530e+00 3.572166591277705194e+00
3.932302300155933406e+00 3.948401373162737649e+00 3.948526510682524027e+00
4.079925362927061983e+00 4.198823798621673653e+00 3.988009790477569094e+00
3.929867407806487911e+00 3.895372518452793642e+00 3.847680004090185069e+00
4.087148941457805940e+00 3.987051167775603311e+00 3.965944732930977157e+00
