2.884615384615384359e-01 7.692307692307692735e-02 1.923076923076923184e-02
2.115384615384615363e-01 1.346153846153846090e-01 7.692307692307692735e-02
2.500000000000000000e-01 5.769230769230769551e-02 5.769230769230769551e-02
2.307692307692307820e-01 1.346153846153846090e-01 1.923076923076923184e-02
1.730769230769230727e-01 5.769230769230769551e-02 7.692307692307692735e-02
1.923076923076923184e-01 7.692307692307692735e-02 1.923076923076923184e-02
1.538461538461538547e-01 7.692307692307692735e-02 9.615384615384615918e-02
1.538461538461538547e-01 9.615384615384615918e-02 0.000000000000000000e+00
1.538461538461538547e-01 5.769230769230769551e-02 5.769230769230769551e-02
9.615384615384615918e-02 1.153846153846153910e-01 7.692307692307692735e-02
