9.603525187683603637e-01 9.601566750081601542e-01 9.530845392231530600e-01
9.588075291045587978e-01 9.574148623653574441e-01 9.466652159721467008e-01
9.521053204221521238e-01 9.504515286693504539e-01 9.437710804047437785e-01
9.502339244913502458e-01 9.503862474159503471e-01 9.414209552823413762e-01
9.488630181699488908e-01 9.462517680339462833e-01 9.379828092699379338e-01
9.453160700685453444e-01 9.447502992057447146e-01 9.374170384071374151e-01
9.481014035469480516e-01 9.459906430203459671e-01 9.393537155913393999e-01
9.445109346099445080e-01 9.435317158089435718e-01 9.380263301055380420e-01
9.420955282341421100e-01 9.379610488521379352e-01 9.314546839299314707e-01
9.385485801327385635e-01 9.350451528669350143e-01 9.304754651289304235e-01
