8.085300837776084881e-01 6.013926667392014425e-01 4.962898487650962975e-01
8.076161462300076588e-01 6.034599064302034188e-01 4.937656403002937400e-01
8.030246980742030694e-01 6.020672396910020652e-01 4.947013382656946789e-01
8.026547709716026491e-01 6.008268958764008127e-01 4.965292133608965042e-01
8.011097813078010832e-01 5.997388749863997726e-01 4.961592862582961394e-01
8.011968229790011886e-01 5.991295832879991456e-01 4.957893591556957746e-01
8.037645522794037989e-01 6.013056250680013370e-01 4.944402132520944182e-01
8.002611250136002496e-01 5.981938853225982067e-01 4.951147862038950964e-01
7.929061037971929515e-01 5.958437602001958044e-01 4.959634424980959855e-01
7.936459580023936811e-01 5.962136873027962247e-01 4.934174736154934293e-01
