4.213948237403029040e+00 4.209148983156204338e+00 4.161735876260783229e+00
4.081894510219948202e+00 4.188144574100216566e+00 4.152233217592346648e+00
4.131805537564557262e+00 4.215560168059716339e+00 4.210458770246895632e+00
4.219443365778005273e+00 4.250664310595249518e+00 4.188204242274204070e+00
4.095641580733433429e+00 4.233985532184568967e+00 4.164474567345680889e+00
4.166925964399534443e+00 4.240555530124771266e+00 4.177849984550983109e+00
4.117416666974146544e+00 4.287476091005555823e+00 4.145898457783395941e+00
4.179656487025193101e+00 4.248993539839509559e+00 4.124039459356406034e+00
4.049816027141458719e+00 4.265305395774887209e+00 4.127899103094940791e+00
4.034979055170120787e+00 4.237892633111652430e+00 4.154410663504710222e+00
