1.828358208955223885e-01 2.740688685874912225e-02 1.673640167364016593e-02
1.895910780669144979e-01 2.662116040955631383e-02 1.685731487055990366e-02
2.133891213389121355e-01 2.611683848797250948e-02 1.736526946107784519e-02
1.992031872509960055e-01 2.827586206896551616e-02 1.819284414796846702e-02
2.184873949579831942e-01 2.726653033401499684e-02 1.672640382317801613e-02
2.222222222222222099e-01 2.665755297334244586e-02 1.787842669845053634e-02
2.203389830508474534e-01 2.749140893470790326e-02 1.792114695340501704e-02
1.984732824427480891e-01 2.658486707566462201e-02 1.789976133651551352e-02
1.969696969696969613e-01 2.719238613188307285e-02 1.794258373205741622e-02
1.969696969696969613e-01 2.724795640326975465e-02 1.792114695340501704e-02
