3.584905660377358250e-01 4.250345340558920357e-04 0.000000000000000000e+00
3.584905660377358250e-01 4.253961501648409883e-04 0.000000000000000000e+00
3.392857142857143016e-01 4.252604720391239389e-04 0.000000000000000000e+00
3.518518518518518601e-01 4.253056884635831886e-04 0.000000000000000000e+00
3.653846153846153633e-01 4.252604720391239389e-04 0.000000000000000000e+00
3.773584905660377631e-01 3.190471126236307819e-04 0.000000000000000000e+00
3.773584905660377631e-01 3.190471126236307819e-04 0.000000000000000000e+00
3.703703703703703498e-01 3.190131858783496486e-04 0.000000000000000000e+00
3.846153846153846367e-01 3.191489361702127495e-04 0.000000000000000000e+00
3.921568627450980338e-01 3.191149877672587822e-04 0.000000000000000000e+00
