9.952344685017951997e-01 9.698835817647698532e-01 9.642041127189642236e-01
9.952562289195953094e-01 9.689696442171690238e-01 9.644652377325644288e-01
9.959090414535959335e-01 9.691654879773691222e-01 9.642911543901643290e-01
9.956261560221956186e-01 9.693395713197693331e-01 9.647698835817647423e-01
9.959525622891959307e-01 9.689478837993689142e-01 9.641823523011642250e-01
9.960396039603960361e-01 9.690131650527690210e-01 9.641388314655641167e-01
9.959960831247960389e-01 9.692090088129692305e-01 9.642258731367642222e-01
9.954303122619954092e-01 9.689261233815689156e-01 9.641823523011642250e-01
9.953867914263954120e-01 9.688608421281688088e-01 9.642693939723642194e-01
9.953867914263954120e-01 9.689261233815689156e-01 9.642258731367642222e-01
