9.990893263693585435e-01 7.480380340163385045e-01 6.065354225257800769e-01
9.990893263693585435e-01 7.482523101647248209e-01 6.064014999330387123e-01
9.990089728137137026e-01 7.481719566090799800e-01 6.065086380072318706e-01
9.990625418508102262e-01 7.481987411276281863e-01 6.064014999330387123e-01
9.991161108879067498e-01 7.481719566090799800e-01 6.064014999330387123e-01
9.991161108879067498e-01 7.482255256461765036e-01 6.064550689701352360e-01
9.991161108879067498e-01 7.482255256461765036e-01 6.063747154144903950e-01
9.990893263693585435e-01 7.481987411276281863e-01 6.064014999330387123e-01
9.991428954064550672e-01 7.483058792018213445e-01 6.063747154144903950e-01
9.991696799250033845e-01 7.482790946832730272e-01 6.064014999330387123e-01
