3.352821080027861278e+00 3.102348254838560138e+00 2.634714878440421959e+00
3.783674127243462859e+00 3.599983330895034417e+00 3.576370867061606340e+00
3.697954519168997756e+00 3.496809790097013426e+00 3.164421340279101269e+00
3.436963763836695662e+00 3.674012970208549334e+00 3.520664133642437577e+00
3.341209816167340474e+00 3.914861145131868447e+00 3.794840191986496691e+00
3.575888469448476936e+00 3.893557166068617903e+00 3.812444256595558301e+00
3.939342203435005185e+00 4.067098618193758952e+00 3.986353835440579640e+00
3.591677509127752188e+00 3.971070549767294455e+00 3.880365944577771842e+00
3.950448030504746466e+00 4.281143453941677279e+00 3.681732976272819258e+00
4.012424139683403723e+00 4.375227098502086243e+00 3.450248114367309160e+00
