7.511887303915033565e-01 7.707750077767409058e-01 7.802959605386738939e-01
7.300359952006398867e-01 7.444229658267786931e-01 7.362351686442919485e-01
7.534995333955472052e-01 7.621761542905390874e-01 7.582544549616544449e-01
7.554548282451228891e-01 7.639092565435720017e-01 7.640536817314083073e-01
7.559880904768253584e-01 7.373683508865485070e-01 7.324208624036473436e-01
7.606319157445673440e-01 7.407901168733057595e-01 7.392643943771532999e-01
7.477891836644002810e-01 7.217148824601163914e-01 7.177857767113666743e-01
7.671643780829222603e-01 7.374127894058569721e-01 7.224592276586369044e-01
7.202373016931076233e-01 7.121383815491267866e-01 7.010842998712339957e-01
7.825178865040216536e-01 7.509109896458250333e-01 7.398495015480516246e-01
