3.487313267868899391e+00 3.370850962013292929e+00 3.296766844927765838e+00
3.499097145980907264e+00 3.391936605335844401e+00 3.353094293854248065e+00
3.660684997514144889e+00 3.464919833109453062e+00 3.448111817254426725e+00
3.804942164593859477e+00 3.474816187404018208e+00 3.480616416093569754e+00
4.120799633407005835e+00 3.768530563893787821e+00 3.807631846405201692e+00
3.572648958884230730e+00 3.471867051163428641e+00 3.386622418395828227e+00
3.670783068657957671e+00 3.481686906722950781e+00 3.418077393832196886e+00
3.564452180072548160e+00 3.448191043617197860e+00 3.411303833702801214e+00
3.712212527638401927e+00 3.527586709527616993e+00 3.511195967956723063e+00
3.733238882161470151e+00 3.453866468831160663e+00 3.559686655492222407e+00
