7.705479452054794787e-02 2.287581699346405081e-02 1.427003293084522575e-02
7.931034482758621273e-02 2.296587926509186320e-02 1.495016611295681142e-02
7.917383820998279143e-02 2.295081967213114665e-02 1.448467966573816108e-02
7.917383820998279143e-02 2.302631578947368293e-02 1.508379888268156395e-02
7.917383820998279143e-02 2.299605781865965773e-02 1.509223029625489029e-02
7.917383820998279143e-02 2.302631578947368293e-02 1.511758118701007902e-02
7.917383820998279143e-02 2.302631578947368293e-02 1.515151515151515194e-02
7.917383820998279143e-02 2.304147465437788103e-02 1.516002245929253152e-02
7.931034482758621273e-02 2.369980250164582108e-02 1.459034792368125652e-02
7.944732297063902826e-02 2.304147465437788103e-02 1.515151515151515194e-02
