1.127819548872180389e-01 5.204538357447694363e-04 3.365870077415011874e-04
1.481481481481481399e-01 5.201289919900134798e-04 2.691608909225489559e-04
1.300813008130081438e-01 5.203996669442131299e-04 2.690884628321560737e-04
1.553398058252427050e-01 5.202913631633715365e-04 2.692877339437188414e-04
1.568627450980392135e-01 5.207248489897938013e-04 2.694146965716979927e-04
1.584158415841584178e-01 5.209418628881017088e-04 2.695599433924118771e-04
1.584158415841584178e-01 5.206706237634072323e-04 2.695417789757412652e-04
1.584158415841584178e-01 5.209418628881017088e-04 2.695599433924118771e-04
1.584158415841584178e-01 5.209418628881017088e-04 2.695599433924118771e-04
1.584158415841584178e-01 5.209418628881017088e-04 2.695599433924118771e-04
