9.882711348057883205e-01 9.674681753889674551e-01 9.609182896311608824e-01
9.883799368947884245e-01 9.675987378957675578e-01 9.612882167337613026e-01
9.883581764769883149e-01 9.675769774779675592e-01 9.615058209117615107e-01
9.883581764769883149e-01 9.676857795669676632e-01 9.616363834185616133e-01
9.883581764769883149e-01 9.676422587313676660e-01 9.616581438363616119e-01
9.883581764769883149e-01 9.676857795669676632e-01 9.617234250897617187e-01
9.883581764769883149e-01 9.676857795669676632e-01 9.618104667609618241e-01
9.883581764769883149e-01 9.677075399847676618e-01 9.618322271787618227e-01
9.883799368947884245e-01 9.677293004025677714e-01 9.617887063431618255e-01
9.884016973125884231e-01 9.677075399847676618e-01 9.618104667609618241e-01
