9.968609507594903274e-01 7.445529277182154626e-01 6.050426873055134713e-01
9.975522801042941978e-01 7.444476952948373416e-01 6.048565121412803336e-01
9.971531953386899572e-01 7.445603021758790963e-01 6.047921708374331962e-01
9.976853699417351784e-01 7.445206936908181916e-01 6.050847006887748458e-01
9.977119140105358275e-01 7.446927374301676172e-01 6.051868599547812755e-01
9.977385196615761176e-01 7.447719895705847692e-01 6.053051668174320721e-01
9.977385196615761176e-01 7.446729270304062176e-01 6.052890627078510999e-01
9.977385196615761176e-01 7.447719895705847692e-01 6.053051668174320721e-01
9.977385196615761176e-01 7.447719895705847692e-01 6.053051668174320721e-01
9.977385196615761176e-01 7.447719895705847692e-01 6.053051668174320721e-01
