4.769542390491715800e+00 4.106079420168950556e+00 3.998803239882628979e+00
4.507309245481450510e+00 3.754582045247535582e+00 3.983524704246485637e+00
4.202278518251461925e+00 4.115137801015107399e+00 4.016428033306583600e+00
3.825049262895144686e+00 4.191398577393790958e+00 4.188903002659624342e+00
3.866627570404211234e+00 4.123177360281291115e+00 4.094398861463694139e+00
3.684068963659825169e+00 4.176848925338979335e+00 3.998194946526257620e+00
3.881895498248923548e+00 4.263635388075702082e+00 4.111441753043963310e+00
3.812407965516590114e+00 3.986384931215146032e+00 3.804816692048188731e+00
3.975301115289101350e+00 3.961620892116139547e+00 4.185204539627517484e+00
3.879359793098736908e+00 4.197204921018670376e+00 4.196114153069864017e+00
