3.111111111111111160e-01 2.444444444444444364e-01 1.777777777777777846e-01
3.111111111111111160e-01 2.444444444444444364e-01 1.777777777777777846e-01
3.111111111111111160e-01 2.444444444444444364e-01 1.777777777777777846e-01
3.111111111111111160e-01 2.444444444444444364e-01 1.777777777777777846e-01
3.111111111111111160e-01 2.444444444444444364e-01 1.777777777777777846e-01
3.111111111111111160e-01 2.444444444444444364e-01 1.777777777777777846e-01
3.111111111111111160e-01 2.444444444444444364e-01 1.777777777777777846e-01
3.111111111111111160e-01 2.444444444444444364e-01 1.777777777777777846e-01
3.111111111111111160e-01 2.444444444444444364e-01 1.777777777777777846e-01
3.111111111111111160e-01 2.444444444444444364e-01 1.777777777777777846e-01
