8.666666666666666963e-01 7.111111111111111382e-01 5.111111111111110716e-01
8.666666666666666963e-01 7.111111111111111382e-01 5.111111111111110716e-01
8.666666666666666963e-01 7.111111111111111382e-01 5.111111111111110716e-01
8.666666666666666963e-01 7.111111111111111382e-01 5.111111111111110716e-01
8.666666666666666963e-01 7.111111111111111382e-01 5.111111111111110716e-01
8.666666666666666963e-01 7.111111111111111382e-01 5.111111111111110716e-01
8.666666666666666963e-01 7.111111111111111382e-01 5.111111111111110716e-01
8.666666666666666963e-01 7.111111111111111382e-01 5.111111111111110716e-01
8.666666666666666963e-01 7.111111111111111382e-01 5.111111111111110716e-01
8.666666666666666963e-01 7.111111111111111382e-01 5.111111111111110716e-01
