9.948863018169948891e-01 9.705146338809704787e-01 9.660755086497661015e-01
9.949080622347948877e-01 9.705799151343705855e-01 9.661190294853660987e-01
9.948645413991948905e-01 9.705146338809704787e-01 9.660537482319661029e-01
9.949298226525948863e-01 9.705363942987705883e-01 9.658796648895658921e-01
9.949080622347948877e-01 9.704711130453704815e-01 9.659449461429659989e-01
9.949515830703949959e-01 9.705581547165705869e-01 9.659449461429659989e-01
9.948863018169948891e-01 9.705363942987705883e-01 9.659449461429659989e-01
9.949080622347948877e-01 9.705363942987705883e-01 9.659231857251658893e-01
9.948863018169948891e-01 9.705363942987705883e-01 9.659884669785659961e-01
9.948863018169948891e-01 9.705581547165705869e-01 9.659667065607659975e-01
