8.161244695898161039e-01 6.098574692634098904e-01 4.939832444782940035e-01
8.161462300076161025e-01 6.097921880100097836e-01 4.939832444782940035e-01
8.161027091720161053e-01 6.098574692634098904e-01 4.939832444782940035e-01
8.161027091720161053e-01 6.098574692634098904e-01 4.940050048960940021e-01
8.161027091720161053e-01 6.097704275922097850e-01 4.939832444782940035e-01
8.161027091720161053e-01 6.097704275922097850e-01 4.939832444782940035e-01
8.161027091720161053e-01 6.097704275922097850e-01 4.939832444782940035e-01
8.161027091720161053e-01 6.097704275922097850e-01 4.939832444782940035e-01
8.161027091720161053e-01 6.097704275922097850e-01 4.939832444782940035e-01
8.161027091720161053e-01 6.097704275922097850e-01 4.939832444782940035e-01
