4.177970306921443999e+00 4.305889002029291923e+00 4.069951763145858159e+00
4.276424347318650732e+00 4.043180061717639440e+00 3.897257888320197594e+00
4.388932121107619544e+00 4.497030489781790763e+00 3.992261835912915391e+00
4.185009007138173587e+00 4.294854394570923439e+00 3.857475174267381846e+00
4.179384292246312249e+00 4.396159822356809244e+00 4.099918783560183577e+00
4.192135546688476211e+00 4.637457336161074473e+00 4.202368884714976716e+00
3.990482955241402951e+00 4.506878206067681525e+00 3.977835385684417524e+00
4.012007633209248247e+00 4.547660617356133805e+00 3.767328185539013052e+00
4.035397192742212980e+00 4.546177589321819035e+00 3.799282502461709399e+00
4.282671184636508421e+00 4.536710504836131364e+00 3.805414979524772701e+00
