5.090909090909091078e-02 1.402805611222444904e-02 6.148686416992733307e-03
4.891304347826087168e-02 1.540522438044206362e-02 6.152125279642058249e-03
5.081669691470054595e-02 1.541554959785522774e-02 6.700167504187604789e-03
5.072463768115942351e-02 1.540522438044206362e-02 6.703910614525139533e-03
5.054151624548736121e-02 1.538461538461538547e-02 6.711409395973154217e-03
5.072463768115942351e-02 1.539491298527443167e-02 6.703910614525139533e-03
5.072463768115942351e-02 1.540522438044206362e-02 6.715165081141578202e-03
5.063291139240506250e-02 1.539491298527443167e-02 6.703910614525139533e-03
5.063291139240506250e-02 1.538461538461538547e-02 6.707657909446618390e-03
5.063291139240506250e-02 1.539491298527443167e-02 6.703910614525139533e-03
