7.920792079207920888e-02 1.053962900505902136e-04 6.710058377507884626e-05
9.615384615384615918e-02 3.161888701517706407e-04 2.012612370857372963e-04
8.000000000000000167e-02 1.054407423028258083e-04 6.711859856366199069e-05
9.708737864077669755e-02 3.161888701517706407e-04 1.341741580571581885e-04
7.692307692307692735e-02 1.053740779768177089e-04 0.000000000000000000e+00
9.433962264150944077e-02 3.161222339304530860e-04 2.012882447665056355e-04
7.843137254901960675e-02 0.000000000000000000e+00 0.000000000000000000e+00
7.619047619047619735e-02 1.053851828432922323e-04 0.000000000000000000e+00
7.407407407407406996e-02 1.053962900505902136e-04 6.710958996040534117e-05
8.571428571428571508e-02 3.161888701517706407e-04 1.341741580571581885e-04
