9.886410619083886298e-01 9.678816233271678726e-01 9.613099771515613012e-01
9.885757806549885229e-01 9.680121858339679752e-01 9.613317375693612998e-01
9.886193014905886312e-01 9.680339462517680849e-01 9.612882167337613026e-01
9.885975410727886326e-01 9.680121858339679752e-01 9.613099771515613012e-01
9.885540202371885243e-01 9.679686649983679780e-01 9.613534979871612984e-01
9.885975410727886326e-01 9.679904254161679766e-01 9.613099771515613012e-01
9.885975410727886326e-01 9.680121858339679752e-01 9.613752584049614081e-01
9.885757806549885229e-01 9.679904254161679766e-01 9.613099771515613012e-01
9.885757806549885229e-01 9.679686649983679780e-01 9.613317375693612998e-01
9.885757806549885229e-01 9.679904254161679766e-01 9.613099771515613012e-01
