9.975292242295430434e-01 7.479543039319872522e-01 6.040913921360254735e-01
9.975026567481403150e-01 7.480074388947928199e-01 6.040753433755745583e-01
9.975557917109457717e-01 7.480605738575982766e-01 6.041976620616366089e-01
9.975292242295430434e-01 7.480074388947928199e-01 6.040592954678284388e-01
9.974495217853347473e-01 7.479011689691816844e-01 6.040116896918171774e-01
9.974495217853347473e-01 7.479543039319872522e-01 6.041389936772754155e-01
9.975026567481403150e-01 7.480871413390011160e-01 6.041816104779362817e-01
9.974230227677266525e-01 7.479277364505845238e-01 6.041179596174283128e-01
9.973432518597237229e-01 7.479543039319872522e-01 6.041445270988310412e-01
9.974495217853347473e-01 7.480074388947928199e-01 6.040592954678284388e-01
