3.673260295689824151e+00 4.106889469731582309e+00 3.994167286254172833e+00
3.862522304461392331e+00 4.103969612681039436e+00 3.877060877665402749e+00
4.028071886144199532e+00 4.004232208247158198e+00 4.221073611982388840e+00
3.823234503674310059e+00 3.757852158669813480e+00 4.198083726183870823e+00
3.867236972352923630e+00 4.131543828464637080e+00 4.160936673300403399e+00
3.890117112237578834e+00 4.148343837077591800e+00 3.985861198131732674e+00
4.004854302742931083e+00 4.311397474027176102e+00 4.316103438866863762e+00
3.912140008292637638e+00 4.085663804603959726e+00 4.217555346705657016e+00
3.958629785755164221e+00 4.088155185067027020e+00 4.323532999730607784e+00
4.163287417364335496e+00 4.060307976871743385e+00 4.125891096961774807e+00
