9.679820468381993281e-01 9.612051726436474652e-01 9.575389948006998164e-01
9.705150424387859465e-01 9.612829400524374179e-01 9.569168555303801948e-01
9.750033328889481377e-01 9.642381015864551763e-01 9.590499044571888509e-01
9.751810869661823311e-01 9.645047327023064110e-01 9.592720970537321756e-01
9.701150957650090945e-01 9.612162822734746648e-01 9.567094757736073207e-01
9.717148824601163914e-01 9.628271785984090503e-01 9.583907330874466002e-01
9.741145625027773924e-01 9.643047593654179295e-01 9.593313484128082047e-01
9.698040261298493947e-01 9.622939163667066920e-01 9.576056525796615704e-01
9.712260587477224982e-01 9.621939296982624512e-01 9.580500377727454442e-01
9.746033862151712857e-01 9.651713104919343866e-01 9.599386748433589300e-01
