2.336448598130841034e-02 7.268322228952150445e-03 4.143309773336582673e-03
2.836879432624113406e-02 9.893455098934550440e-03 5.461165048543689497e-03
2.593295382669196653e-02 8.304498269896194371e-03 5.273383291701359658e-03
2.229845626072041176e-02 9.453781512605041390e-03 5.755395683453237536e-03
1.922152811148486462e-02 9.272467902995721115e-03 5.403782647853497614e-03
1.834061135371178874e-02 1.027397260273972546e-02 5.536757920639802898e-03
1.490683229813664565e-02 1.012292118582791035e-02 6.537982565379825764e-03
1.534632932393197903e-02 9.534286762009534788e-03 6.728612624158923465e-03
1.290812452543659873e-02 9.303928325292901494e-03 6.251953735542357254e-03
1.154562383612662939e-02 9.559576647319904460e-03 7.241813602015113698e-03
