2.152273338714016590e-03 1.931434089811685155e-04 1.865787673362771348e-04
2.762430939226519222e-03 2.769827347428676745e-04 1.238773614122019168e-04
6.833712984054669815e-03 2.826988315114964401e-04 6.210794360598720430e-05
8.474576271186440649e-03 2.888225666698757848e-04 1.289989680082559236e-04
7.908611599297012476e-03 1.899154876080144314e-04 1.285429654862137541e-04
4.863813229571984503e-03 1.971803214039238806e-04 1.321877065432914839e-04
7.049345417925478342e-03 2.887669650591972483e-04 1.927277399460362330e-04
2.630713581058862285e-03 3.960003960003960250e-04 1.974853531696399195e-04
3.428011753183153772e-03 3.910833007430582469e-04 6.560388374991800149e-05
2.739726027397260295e-03 2.905569007263922635e-04 1.969667126255662750e-04
