9.636165814383635952e-01 9.286693504515286524e-01 9.110869328691111324e-01
9.701882276139701666e-01 9.433793928843433596e-01 9.286693504515286524e-01
9.664889565879665190e-01 9.376346425851376232e-01 9.220106626047219756e-01
9.627896855619627603e-01 9.384397780437384595e-01 9.248177565009247925e-01
9.555869872701555634e-01 9.395495593515394983e-01 9.279077358285279242e-01
9.510825807855510794e-01 9.434011533021433582e-01 9.296485692525296995e-01
9.482319660537482653e-01 9.404199760635404415e-01 9.305625068001305289e-01
9.483407681427483693e-01 9.412251115221412778e-01 9.325427048199325109e-01
9.434229137199434678e-01 9.374387988249374137e-01 9.308236318137308452e-01
9.422478511587422112e-01 9.368730279621368950e-01 9.313894026765313638e-01
