9.016702014846235125e-01 7.257919271109227743e-01 5.743937308058879587e-01
9.332170511905705235e-01 7.147373412719321140e-01 5.729591026929792275e-01
9.653363014787724738e-01 7.192049123921444576e-01 5.743105682028503134e-01
9.690410668924640536e-01 7.248761359722332154e-01 5.891550938195695419e-01
9.701425435696717781e-01 7.215802416902451499e-01 5.888198757763974944e-01
9.456991958385307928e-01 7.311505832449628484e-01 5.987800026521681307e-01
9.738932429570006377e-01 7.257676973041480295e-01 5.894209207228597869e-01
9.197343001561383291e-01 7.325935538547101444e-01 5.980415508799787894e-01
9.461896451425246823e-01 7.288135593220338437e-01 5.965269873203271622e-01
9.328714071185815193e-01 7.268589573961365957e-01 5.972280998730427060e-01
