3.775849278554797017e+00 3.739010024326358650e+00 3.436449884166613344e+00
3.721659798942872133e+00 3.628011436316963767e+00 3.552704642765095233e+00
3.826978777422950007e+00 3.749845503661040969e+00 3.618720331966285730e+00
3.717757347211185781e+00 3.706873238429498230e+00 3.578499160060034878e+00
3.612491312872248006e+00 3.624873042152017000e+00 3.682639701805679344e+00
3.723533055503283951e+00 3.753844039386658338e+00 3.741864339852145616e+00
3.749365557477128519e+00 3.804761754242448113e+00 3.636958387944599025e+00
3.773035735932980028e+00 3.749332724153701779e+00 3.869500149626808216e+00
3.814672781957363146e+00 3.830491653063397006e+00 3.828209818502094741e+00
3.875125001269150271e+00 3.923932475039478174e+00 3.888620879440945366e+00
