2.178596499721623711e-04 9.317493594223153961e-05 4.617871161394596915e-05
1.630029806259314590e-04 6.847595352765287028e-05 1.365653806759986220e-04
2.624258646932241907e-04 1.470984824339895602e-04 1.708483842624231247e-04
5.415651232060655039e-04 2.876249370820450403e-04 2.576406556954687391e-04
9.139653911771874117e-04 6.229823865888882949e-04 3.043985591801532395e-04
1.129518072289156577e-03 5.543851868278080108e-04 3.044757941743631144e-04
2.126945035262509803e-03 5.862523816503004441e-04 4.739336492890995406e-04
2.750851454021482640e-03 6.860278984678710350e-04 6.811473548777719194e-04
5.624847150892639189e-03 1.884877482963607338e-03 1.399743380380263696e-03
5.446058091286306788e-03 2.530730296456977588e-03 1.766264350897850952e-03
