2.759838825412595789e-05 0.000000000000000000e+00 0.000000000000000000e+00
2.734780944046381795e-05 2.715546503733876277e-05 0.000000000000000000e+00
8.360970987430673535e-05 2.764645710652179894e-05 2.746573649372407893e-05
1.389612645475073812e-04 0.000000000000000000e+00 3.108292925525301222e-05
4.138094112083234768e-04 9.656237929702587725e-05 0.000000000000000000e+00
4.531294250920418938e-04 4.958595725690484723e-05 4.598969830757910224e-05
5.499253672715846090e-04 5.987665409256930652e-05 5.055867334041155083e-05
7.688364941055869130e-04 6.436663233779608430e-05 5.240815470887270352e-05
1.005404046751288277e-03 2.453586325345546732e-04 5.592528382081539190e-05
1.014656144306651546e-03 2.415458937198067572e-04 5.871301080319399048e-05
