1.012512240235012573e-01 6.591230551626590939e-02 5.759982591665759738e-02
6.567294092046567500e-02 4.671961701664671673e-02 4.408660646284408985e-02
1.710151234903710127e-01 1.125448808617125485e-01 1.085844848221085845e-01
4.377760853008377806e-01 3.949298226525949085e-01 3.244913502339245026e-01
6.431944293330431606e-01 6.160156675008160443e-01 5.712109672505711888e-01
6.536176694592535918e-01 6.077031879012076976e-01 5.713197693395712928e-01
8.060276357306059847e-01 7.032314220433032448e-01 6.787509520182787304e-01
8.343379392884343604e-01 7.147209226417147176e-01 7.126754433685126289e-01
9.115221412251115485e-01 8.502012838646502146e-01 8.137090632140137059e-01
9.165487977369165540e-01 8.799260145794799426e-01 8.524208464802524032e-01
