3.671505290583293446e-02 2.336895836656564113e-02 2.188015100760355020e-02
2.788855213484340775e-02 2.100281809964375107e-02 1.970011166055192151e-02
4.615302812782474950e-02 3.838996118466528329e-02 3.206252990907641071e-02
2.348327750305737316e-01 1.548891370234487252e-01 1.447067581219758647e-01
5.504599351305364818e-01 4.494071356409847229e-01 4.127984261179348247e-01
5.308395810070718479e-01 4.638698356994735983e-01 4.219439570372733317e-01
6.617748710586484062e-01 5.560163768809486262e-01 4.741851438294252263e-01
6.890253628967937249e-01 5.869888871164992139e-01 4.927420641250598310e-01
7.886691125644706979e-01 6.750146222151326425e-01 5.246450789599617082e-01
7.644228212899452091e-01 6.698835539958526430e-01 5.472164619556547649e-01
