5.034993390170477978e-01 2.797614756238246958e-01 2.331443247819166287e-01
3.050519838670222583e-01 2.269265603439520329e-01 1.972869725424573062e-01
1.067410688394119678e+00 6.056512061945602543e-01 5.703687740220477753e-01
2.771564863802818746e+00 2.043115237900442693e+00 1.636370426038980863e+00
3.678574247185955493e+00 2.870278817838919139e+00 2.391140548366085916e+00
3.539837559374976461e+00 2.800623686580675287e+00 2.394946487253072576e+00
4.282087352133526537e+00 3.256493721900434846e+00 2.966330870337227310e+00
4.239682951700303626e+00 3.398733256721511609e+00 3.066798892890950423e+00
4.464331973383697694e+00 4.015392180197117078e+00 3.610335501463288743e+00
4.416147685795888123e+00 3.818603086744312147e+00 3.508167704361564887e+00
