7.499999999999999722e-02 2.500000000000000139e-02 0.000000000000000000e+00
7.499999999999999722e-02 2.500000000000000139e-02 0.000000000000000000e+00
7.499999999999999722e-02 2.500000000000000139e-02 0.000000000000000000e+00
7.499999999999999722e-02 2.500000000000000139e-02 0.000000000000000000e+00
7.499999999999999722e-02 2.500000000000000139e-02 0.000000000000000000e+00
7.499999999999999722e-02 2.500000000000000139e-02 0.000000000000000000e+00
7.499999999999999722e-02 2.500000000000000139e-02 0.000000000000000000e+00
7.499999999999999722e-02 2.500000000000000139e-02 0.000000000000000000e+00
7.499999999999999722e-02 2.500000000000000139e-02 0.000000000000000000e+00
7.499999999999999722e-02 2.500000000000000139e-02 0.000000000000000000e+00
