1.000000000000000000e+00 7.249999999999999778e-01 4.749999999999999778e-01
1.000000000000000000e+00 7.249999999999999778e-01 4.749999999999999778e-01
1.000000000000000000e+00 7.249999999999999778e-01 4.749999999999999778e-01
1.000000000000000000e+00 7.249999999999999778e-01 4.749999999999999778e-01
1.000000000000000000e+00 7.249999999999999778e-01 4.749999999999999778e-01
1.000000000000000000e+00 7.249999999999999778e-01 4.749999999999999778e-01
1.000000000000000000e+00 7.249999999999999778e-01 4.749999999999999778e-01
1.000000000000000000e+00 7.249999999999999778e-01 4.749999999999999778e-01
1.000000000000000000e+00 7.249999999999999778e-01 4.749999999999999778e-01
1.000000000000000000e+00 7.249999999999999778e-01 4.749999999999999778e-01
