9.953432705907953038e-01 9.698183005113698574e-01 9.649657273419649517e-01
9.953650310085954134e-01 9.692960504841693359e-01 9.649874877597649503e-01
9.953215101729953052e-01 9.693830921553693303e-01 9.650092481775650599e-01
9.953432705907953038e-01 9.696224567511696479e-01 9.650745294309650557e-01
9.953432705907953038e-01 9.693613317375693317e-01 9.649222065063649545e-01
9.953432705907953038e-01 9.693178109019693345e-01 9.648786856707648463e-01
9.953215101729953052e-01 9.693178109019693345e-01 9.648351648351648491e-01
9.952997497551953066e-01 9.692960504841693359e-01 9.648351648351648491e-01
9.953215101729953052e-01 9.692525296485692277e-01 9.648351648351648491e-01
9.952562289195953094e-01 9.692525296485692277e-01 9.648786856707648463e-01
