8.153846153846153744e-01 6.109672505712109292e-01 4.935480361222935319e-01
8.153628549668153758e-01 6.110325318246110360e-01 4.935045152866934792e-01
8.153846153846153744e-01 6.109890109890110388e-01 4.934827548688934806e-01
8.153410945490153772e-01 6.110760526602110332e-01 4.935262757044935333e-01
8.153846153846153744e-01 6.109672505712109292e-01 4.935045152866934792e-01
8.153846153846153744e-01 6.110325318246110360e-01 4.935045152866934792e-01
8.153410945490153772e-01 6.109890109890110388e-01 4.934827548688934806e-01
8.153628549668153758e-01 6.109672505712109292e-01 4.934827548688934806e-01
8.153628549668153758e-01 6.110107714068110374e-01 4.934609944510934820e-01
8.153628549668153758e-01 6.109237297356109320e-01 4.934609944510934820e-01
