3.534616110678381329e+00 3.337911815266523252e+00 3.089687116673573541e+00
3.645266180546407053e+00 4.052531873021059106e+00 3.178726536743280651e+00
4.290489442254407315e+00 4.318597260083524958e+00 3.557949905933705192e+00
3.887016761037457524e+00 3.882796975160333730e+00 3.997660412673241570e+00
3.836305110831734755e+00 3.842023113131197043e+00 3.691724243504151737e+00
4.103526703750937976e+00 3.698967789348066582e+00 4.039298860619507714e+00
3.969677220572114695e+00 3.901424335267111854e+00 3.899199505938680588e+00
3.985247144721269397e+00 3.987569012004748892e+00 3.452607795134345015e+00
4.188792584793606721e+00 4.188999758379042149e+00 3.687092333291241530e+00
4.426500748808610552e+00 4.077245853529709585e+00 4.255769060394158032e+00
