5.263157894736841813e-02 1.593137254901960675e-02 6.789524733268671383e-03
6.089743589743589619e-02 1.709401709401709574e-02 8.273009307135471141e-03
4.457831325301205017e-02 1.377410468319559267e-02 7.906976744186045708e-03
4.572098475967174835e-02 1.407688142934488372e-02 5.806163465832961217e-03
3.266787658802177557e-02 1.473187978786093082e-02 8.326029798422436221e-03
3.353057199211045142e-02 1.316431009263773801e-02 6.745362563237773668e-03
3.354487760652765521e-02 1.274185936762623796e-02 5.962521294718910007e-03
2.445472571050892260e-02 1.083883129123468410e-02 5.380476556495004080e-03
2.903225806451613031e-02 1.323877068557919624e-02 5.254648342764753864e-03
2.356020942408377020e-02 9.864364981504315788e-03 5.374417771408097379e-03
