1.275510204081632681e-02 0.000000000000000000e+00 0.000000000000000000e+00
3.828972559029993668e-03 0.000000000000000000e+00 0.000000000000000000e+00
1.061571125265392719e-02 0.000000000000000000e+00 0.000000000000000000e+00
1.015228426395939007e-02 0.000000000000000000e+00 0.000000000000000000e+00
1.285677552069940804e-03 0.000000000000000000e+00 0.000000000000000000e+00
1.234567901234567833e-02 0.000000000000000000e+00 0.000000000000000000e+00
7.025761124121779853e-03 2.012477359629704092e-04 0.000000000000000000e+00
8.833922261484099259e-03 0.000000000000000000e+00 0.000000000000000000e+00
1.184834123222748732e-02 0.000000000000000000e+00 0.000000000000000000e+00
8.474576271186440649e-03 1.010611419909044945e-04 0.000000000000000000e+00
