9.862909367859863385e-01 9.650527690131650571e-01 9.554346643455554622e-01
9.872483951691872761e-01 9.649657273419649517e-01 9.582635186595582777e-01
9.827439886845827921e-01 9.610488521379610960e-01 9.535850288325535828e-01
9.822870199107822664e-01 9.603742791861603623e-01 9.515613099771516037e-01
9.768033946251768462e-01 9.636165814383635952e-01 9.507561745185507673e-01
9.786747905559787242e-01 9.559569143727559837e-01 9.487324556631486772e-01
9.768033946251768462e-01 9.544772059623545246e-01 9.492111848547492015e-01
9.678816233271678726e-01 9.543248830377543124e-01 9.436840387335436731e-01
9.738004569687738199e-01 9.545860080513546286e-01 9.464476117941464928e-01
9.675334566423675620e-01 9.475791535197475302e-01 9.395930801871396065e-01
