9.896813758165577957e-01 7.362555324481416807e-01 5.931575157995786496e-01
9.583766632002772567e-01 7.392764788995228598e-01 5.949066666666666947e-01
9.875726705424289209e-01 7.358893006638760337e-01 5.995840665493521460e-01
9.896002773259380270e-01 7.370834444148227638e-01 6.012266666666666870e-01
8.964156176658844011e-01 7.437394991599327598e-01 6.025179376383665852e-01
9.893327644141021171e-01 7.356800000000000006e-01 5.991145958343334632e-01
9.886918255767435104e-01 7.350753232902279555e-01 5.952374603343910664e-01
9.850396010560281690e-01 7.348016211604095904e-01 5.994506813151648794e-01
9.888785171356180292e-01 7.368407018292357780e-01 5.999733297773036655e-01
9.875180028804608767e-01 7.361388911112889399e-01 5.987359662924344184e-01
