3.615459080744372944e+00 3.643754773955992565e+00 3.754174251792873118e+00
3.630978803914683084e+00 3.662037570507647555e+00 3.677457769079336192e+00
3.857887912319204027e+00 3.877398813267948885e+00 3.760637768991053953e+00
3.687018281394832897e+00 3.791403947377873340e+00 3.593201790627310377e+00
3.973618099388752434e+00 4.004590272562807307e+00 3.855082458258201950e+00
3.929147900493078716e+00 4.025633632127716410e+00 3.777321197722017576e+00
3.894759996183619677e+00 4.061873329740345540e+00 3.765530677785027702e+00
3.894692323936994161e+00 3.993848194482562786e+00 3.796670284532905004e+00
4.072561632236485707e+00 4.270415279948166720e+00 3.969155269549638820e+00
4.051229482893728751e+00 4.214762134028322116e+00 3.887613566711750401e+00
