9.573834599831133607e-01 9.456405812558325019e-01 9.399635604141707290e-01
9.551837532773408412e-01 9.432520108429987005e-01 9.379119821060930562e-01
9.621161622894724985e-01 9.496067191041194233e-01 9.436445510968944905e-01
9.646935964093676930e-01 9.525729902679642702e-01 9.463256750951756224e-01
9.651379816024530101e-01 9.533284450962093981e-01 9.475921728954681544e-01
9.650268853041816808e-01 9.543283117806514726e-01 9.494511842865432927e-01
9.613162689419189055e-01 9.496511576234279994e-01 9.442222518479044258e-01
9.653823934586499567e-01 9.547060391947740365e-01 9.489697669940340141e-01
9.644269652935164583e-01 9.533617739856907747e-01 9.477551141329332296e-01
9.642047726969736887e-01 9.540394614051459499e-01 9.483105956242889878e-01
