3.170370459182966005e+00 3.182446610532887910e+00 3.173861797125397732e+00
3.039596703774464004e+00 3.069295940058524241e+00 3.095801408192087045e+00
3.196396672139595108e+00 3.212411023732403059e+00 3.237090404391995691e+00
3.345645812718891499e+00 3.347541658384845853e+00 3.345652523959341540e+00
3.093204610529443510e+00 3.133973477529751861e+00 3.180052051297960425e+00
3.245671572197013965e+00 3.252921839345021660e+00 3.294353576143702167e+00
3.227513329700389288e+00 3.234781327396365480e+00 3.266444730983750322e+00
3.179585440122944195e+00 3.222805258242739779e+00 3.259424392196920373e+00
3.284732027489547068e+00 3.296619991717800069e+00 3.328046933157384757e+00
3.208198717521049126e+00 3.192961228790227146e+00 3.224108603423485153e+00
