3.333333333333333148e-01 3.333333333333333148e-01 2.380952380952380820e-01
3.809523809523809312e-01 1.904761904761904656e-01 1.904761904761904656e-01
4.523809523809523836e-01 2.619047619047619180e-01 1.666666666666666574e-01
3.333333333333333148e-01 2.142857142857142738e-01 1.428571428571428492e-01
3.571428571428571508e-01 1.904761904761904656e-01 2.380952380952380820e-01
2.857142857142856984e-01 1.904761904761904656e-01 1.190476190476190410e-01
3.095238095238095344e-01 2.142857142857142738e-01 1.666666666666666574e-01
2.380952380952380820e-01 1.904761904761904656e-01 1.666666666666666574e-01
1.904761904761904656e-01 1.666666666666666574e-01 1.666666666666666574e-01
2.857142857142856984e-01 1.904761904761904656e-01 1.428571428571428492e-01
