4.761904761904761640e-02 4.761904761904761640e-02 0.000000000000000000e+00
2.380952380952380820e-02 2.380952380952380820e-02 0.000000000000000000e+00
2.380952380952380820e-02 2.380952380952380820e-02 0.000000000000000000e+00
2.380952380952380820e-02 2.380952380952380820e-02 0.000000000000000000e+00
2.380952380952380820e-02 4.761904761904761640e-02 0.000000000000000000e+00
2.380952380952380820e-02 2.380952380952380820e-02 0.000000000000000000e+00
2.380952380952380820e-02 2.380952380952380820e-02 0.000000000000000000e+00
4.761904761904761640e-02 2.380952380952380820e-02 0.000000000000000000e+00
2.380952380952380820e-02 2.380952380952380820e-02 2.380952380952380820e-02
2.380952380952380820e-02 2.380952380952380820e-02 0.000000000000000000e+00
