4.380589707322380399e-01 3.256446523773256496e-01 2.660646284408660911e-01
4.382983353280383021e-01 3.731258840169731084e-01 3.360896529213360795e-01
4.580567946904580690e-01 3.527798933739527687e-01 3.197475791535197565e-01
4.791643999564791367e-01 4.023501251224023689e-01 3.663583940811663830e-01
4.675443368512675613e-01 3.633989772603634094e-01 3.233815689261234083e-01
4.571210967250571300e-01 3.510390599499510489e-01 3.195734958111196011e-01
4.866064628440865958e-01 3.686867587857686757e-01 3.236862147753236663e-01
4.828854314002828940e-01 3.664019149167663802e-01 3.083451202263083335e-01
3.571754977695571487e-01 3.135893809161136025e-01 2.906321401370906554e-01
4.708301599390708470e-01 3.960613643781960569e-01 3.096942661299096899e-01
