1.794871794871794879e-01 7.692307692307692735e-02 5.128205128205128027e-02
1.794871794871794879e-01 7.692307692307692735e-02 5.128205128205128027e-02
1.794871794871794879e-01 7.692307692307692735e-02 5.128205128205128027e-02
1.794871794871794879e-01 7.692307692307692735e-02 5.128205128205128027e-02
1.794871794871794879e-01 7.692307692307692735e-02 5.128205128205128027e-02
1.794871794871794879e-01 7.692307692307692735e-02 5.128205128205128027e-02
1.794871794871794879e-01 7.692307692307692735e-02 5.128205128205128027e-02
1.794871794871794879e-01 7.692307692307692735e-02 5.128205128205128027e-02
1.794871794871794879e-01 7.692307692307692735e-02 5.128205128205128027e-02
1.794871794871794879e-01 7.692307692307692735e-02 5.128205128205128027e-02
