9.743589743589743390e-01 5.641025641025640969e-01 4.871794871794871695e-01
9.743589743589743390e-01 5.641025641025640969e-01 4.871794871794871695e-01
9.743589743589743390e-01 5.641025641025640969e-01 4.871794871794871695e-01
9.743589743589743390e-01 5.641025641025640969e-01 4.871794871794871695e-01
9.743589743589743390e-01 5.641025641025640969e-01 4.871794871794871695e-01
9.743589743589743390e-01 5.641025641025640969e-01 4.615384615384615641e-01
9.743589743589743390e-01 5.641025641025640969e-01 4.615384615384615641e-01
9.743589743589743390e-01 5.641025641025640969e-01 4.871794871794871695e-01
9.743589743589743390e-01 5.641025641025640969e-01 4.615384615384615641e-01
9.743589743589743390e-01 5.641025641025640969e-01 4.615384615384615641e-01
