9.958219997823958280e-01 9.710151234903710016e-01 9.660102273963659947e-01
9.959090414535959335e-01 9.707104776411706881e-01 9.662060711565662041e-01
9.959525622891959307e-01 9.712327276683712096e-01 9.658579044717658935e-01
9.959090414535959335e-01 9.708628005657709004e-01 9.658796648895658921e-01
9.958872810357959349e-01 9.707539984767707963e-01 9.659014253073658907e-01
9.958437602001958266e-01 9.711021651615711070e-01 9.659231857251658893e-01
9.959960831247960389e-01 9.706451963877706923e-01 9.658579044717658935e-01
9.958655206179958252e-01 9.707757588945707949e-01 9.658579044717658935e-01
9.958437602001958266e-01 9.708628005657709004e-01 9.658579044717658935e-01
9.958219997823958280e-01 9.708192797301707921e-01 9.659449461429659989e-01
