8.156022195626155824e-01 6.108149276466108279e-01 4.950059841148949924e-01
8.156675008160156892e-01 6.105973234686106199e-01 4.949624632792949397e-01
8.154716570558154798e-01 6.106408443042106171e-01 4.951800674572952032e-01
8.156892612338156878e-01 6.106408443042106171e-01 4.949407028614949411e-01
8.156239799804155810e-01 6.106843651398107253e-01 4.949842236970949938e-01
8.154281362202154826e-01 6.109019693178109334e-01 4.949189424436949425e-01
8.156892612338156878e-01 6.106190838864106185e-01 4.949189424436949425e-01
8.155151778914154770e-01 6.107714068110107197e-01 4.949407028614949411e-01
8.156892612338156878e-01 6.105973234686106199e-01 4.949407028614949411e-01
8.156892612338156878e-01 6.106190838864106185e-01 4.949407028614949411e-01
