3.628524200468341121e+00 3.331564261404955207e+00 3.523653868139592582e+00
3.569917191527532285e+00 3.683497536805191430e+00 3.744496907530695751e+00
3.960712097413309873e+00 4.212894603594842913e+00 3.738068910406554313e+00
4.208759335787307876e+00 4.021470686552796714e+00 3.817141530804751604e+00
4.045550185569839918e+00 4.175910219992977623e+00 3.497226653531680718e+00
4.052952356623864105e+00 4.631688650395231477e+00 3.681528341170130503e+00
3.854983429332895284e+00 4.251284967131780057e+00 3.871230797393533596e+00
3.878455142658014054e+00 4.199779077248430248e+00 3.649833043748330841e+00
4.166440290256635315e+00 4.127081525490070568e+00 4.074335635530315969e+00
4.044222280811114345e+00 4.284883492054191834e+00 4.037896821775374789e+00
