4.782608695652174058e-01 2.608695652173912971e-01 3.043478260869565410e-01
4.130434782608695676e-01 3.260869565217391353e-01 1.956521739130434867e-01
4.347826086956521618e-01 3.043478260869565410e-01 2.173913043478260809e-01
5.000000000000000000e-01 2.391304347826087029e-01 2.826086956521738913e-01
5.000000000000000000e-01 2.826086956521738913e-01 2.608695652173912971e-01
5.000000000000000000e-01 3.260869565217391353e-01 2.173913043478260809e-01
4.782608695652174058e-01 2.608695652173912971e-01 2.173913043478260809e-01
5.000000000000000000e-01 2.391304347826087029e-01 2.173913043478260809e-01
5.000000000000000000e-01 3.043478260869565410e-01 2.173913043478260809e-01
5.652173913043477826e-01 2.391304347826087029e-01 2.608695652173912971e-01
