6.521739130434782428e-02 0.000000000000000000e+00 0.000000000000000000e+00
6.521739130434782428e-02 0.000000000000000000e+00 0.000000000000000000e+00
6.521739130434782428e-02 0.000000000000000000e+00 0.000000000000000000e+00
6.521739130434782428e-02 0.000000000000000000e+00 0.000000000000000000e+00
6.521739130434782428e-02 0.000000000000000000e+00 0.000000000000000000e+00
6.521739130434782428e-02 0.000000000000000000e+00 0.000000000000000000e+00
6.521739130434782428e-02 0.000000000000000000e+00 0.000000000000000000e+00
6.521739130434782428e-02 0.000000000000000000e+00 0.000000000000000000e+00
6.521739130434782428e-02 0.000000000000000000e+00 0.000000000000000000e+00
6.521739130434782428e-02 0.000000000000000000e+00 0.000000000000000000e+00
