7.077140681101077302e-01 4.676096181046676126e-01 3.530627788053530836e-01
5.963007289739963301e-01 4.134914590360134756e-01 2.994233489282994154e-01
6.010880208900011290e-01 3.511478620389511529e-01 2.634968991404634808e-01
5.222935480361222682e-01 3.716679360243716479e-01 3.149820476553149562e-01
7.382439342835382945e-01 4.513328255902513408e-01 3.385050592971384775e-01
8.293765640300293507e-01 7.023610053313024126e-01 6.171254488086170831e-01
6.225220324230225089e-01 4.777717332172777831e-01 3.676640191491676868e-01
7.708628005657708337e-01 6.288107931672287654e-01 4.976825155042977067e-01
7.666630399303666632e-01 5.834838428897834994e-01 4.897617234250897789e-01
7.416820802959417369e-01 6.019801980198019598e-01 5.192688499619192433e-01
