6.012185833968012316e-01 4.860189315634860230e-01 3.811337177673811416e-01
5.947992601457947615e-01 4.574910238276574947e-01 3.783483842889783233e-01
7.003155260581003239e-01 5.505820911761505343e-01 4.362746164726362674e-01
7.275378087259275484e-01 5.737134152975736923e-01 4.661951909476662048e-01
7.474485910129474719e-01 5.656620607115656618e-01 4.454792732020455004e-01
7.613970188227614511e-01 5.830921553693830806e-01 4.640626700032640661e-01
7.654009356979654122e-01 5.884887389837885063e-01 4.758132956152757997e-01
7.799368947883799086e-01 5.848765096289848531e-01 4.694592536176694364e-01
7.912523120443912816e-01 5.836144053965836020e-01 4.694592536176694364e-01
8.013056250680012926e-01 5.909694266129910112e-01 4.797519312370797651e-01
