3.830961053906681624e+00 2.060622198618077050e+00 1.363246752857808275e+00
3.047491118097916285e+00 1.994162850405597265e+00 1.294312906764384152e+00
2.988163742332253570e+00 1.217436241512776629e+00 8.276313963995585166e-01
2.498261535388007992e+00 1.563364861220825741e+00 1.210946792047646436e+00
3.806405268141311637e+00 2.052156003292597397e+00 1.397770652736247454e+00
4.370265287859518288e+00 3.505604817767241421e+00 2.923810520020788228e+00
2.918213356920651425e+00 2.132486079235177634e+00 1.479188933896399272e+00
3.738359468308110500e+00 2.984084190243375456e+00 2.189841715139833944e+00
3.809576268284998957e+00 2.638217465391944572e+00 2.065125185793160512e+00
3.810270970320325468e+00 2.958737132007577042e+00 2.367871086068072728e+00
