3.275132469129251156e+00 3.584401846375434353e+00 3.696159221590823662e+00
3.439369626172278149e+00 3.687399045135013154e+00 3.770709083815229956e+00
3.342776858167216147e+00 3.613587691777664812e+00 3.706561777523905921e+00
3.610553874046548817e+00 3.790348061194197982e+00 3.853667424542719822e+00
3.213270669851385986e+00 3.553432770336584667e+00 3.674278094336261180e+00
3.464401048458789045e+00 3.720665328788379522e+00 3.809024297373220680e+00
3.233680770799761461e+00 3.585256864129459764e+00 3.703156516924811736e+00
3.280703621338568077e+00 3.599731591002476971e+00 3.709394380585451678e+00
3.286354267953700337e+00 3.594974247798345957e+00 3.706624052537348391e+00
3.283307194347709679e+00 3.610625878127724508e+00 3.723735712023309663e+00
