1.452282157676348662e-01 2.123142250530785438e-02 1.188986232790988778e-02
1.439999999999999891e-01 2.061122956645344839e-02 1.113861386138613810e-02
1.475409836065573743e-01 2.005730659025788121e-02 1.249219237976264760e-02
1.439999999999999891e-01 2.024584237165582071e-02 1.253918495297805594e-02
1.548117154811715357e-01 2.014388489208632921e-02 1.185277604491578353e-02
1.538461538461538547e-01 1.982378854625550801e-02 1.245330012453300071e-02
1.551724137931034531e-01 2.089337175792507079e-02 1.320754716981132129e-02
1.516393442622950838e-01 2.066999287241625197e-02 1.306782825140012476e-02
1.491935483870967805e-01 2.084831056793673768e-02 1.249219237976264760e-02
1.475409836065573743e-01 2.074391988555078850e-02 1.243008079552517138e-02
