1.612903225806451568e-01 0.000000000000000000e+00 1.361655773420479435e-04
1.818181818181818232e-01 1.069747539580658978e-04 0.000000000000000000e+00
2.413793103448275967e-01 0.000000000000000000e+00 0.000000000000000000e+00
2.413793103448275967e-01 0.000000000000000000e+00 0.000000000000000000e+00
2.500000000000000000e-01 0.000000000000000000e+00 0.000000000000000000e+00
2.692307692307692180e-01 0.000000000000000000e+00 0.000000000000000000e+00
2.592592592592592449e-01 0.000000000000000000e+00 0.000000000000000000e+00
2.413793103448275967e-01 0.000000000000000000e+00 0.000000000000000000e+00
2.500000000000000000e-01 0.000000000000000000e+00 0.000000000000000000e+00
2.413793103448275967e-01 0.000000000000000000e+00 0.000000000000000000e+00
