9.955173539331955146e-01 9.699053421825698518e-01 9.656403002937656854e-01
9.953432705907953038e-01 9.700141442715700668e-01 9.652268523555652679e-01
9.954738330975955174e-01 9.702317484495702749e-01 9.655967794581655772e-01
9.953432705907953038e-01 9.705146338809704787e-01 9.657273419649656798e-01
9.956043956043956200e-01 9.703623109563703775e-01 9.655314982047655814e-01
9.954520726797954078e-01 9.709498422369708948e-01 9.654879773691654732e-01
9.957349581111957226e-01 9.704275922097703733e-01 9.658579044717658935e-01
9.954955935153955160e-01 9.701011859427700612e-01 9.654879773691654732e-01
9.954085518441954106e-01 9.703623109563703775e-01 9.655967794581655772e-01
9.954738330975955174e-01 9.702099880317701652e-01 9.654226961157654774e-01
