9.993073316283035412e-01 7.509590792838874984e-01 6.087489343563512456e-01
9.992806905370843484e-01 7.509857203751065802e-01 6.088288576300084909e-01
9.994138959931798682e-01 7.510656436487638254e-01 6.088288576300084909e-01
9.994138959931798682e-01 7.511455669224211817e-01 6.086956521739130821e-01
9.994405370843989500e-01 7.511189258312021000e-01 6.087222932651321639e-01
9.994938192668372245e-01 7.509857203751065802e-01 6.088022165387894091e-01
9.994671781756180318e-01 7.511455669224211817e-01 6.087222932651321639e-01
9.994138959931798682e-01 7.511455669224211817e-01 6.086956521739130821e-01
9.994405370843989500e-01 7.510390025575447437e-01 6.087755754475703274e-01
9.994138959931798682e-01 7.510922847399829072e-01 6.088022165387894091e-01
