3.931667685925367639e+00 3.261786167305245954e+00 3.118090903516163692e+00
3.823453318049680139e+00 3.443175452540956361e+00 3.659246357776601677e+00
4.203348179525720596e+00 4.175011498110745123e+00 3.574574851686104893e+00
3.339318957565297286e+00 3.542958801249709744e+00 3.405650063838052244e+00
3.813283252387039024e+00 3.735328528172345841e+00 3.635625499580070752e+00
3.908349233626308816e+00 3.938603626268344371e+00 3.890548132120864810e+00
4.125773697992785927e+00 4.060585114198727474e+00 3.547924482110647038e+00
3.976538564629263028e+00 3.992803369626792165e+00 3.803188270604004995e+00
4.519554017063665441e+00 4.053553322859804631e+00 4.027917942707208709e+00
4.226884029631398754e+00 4.079671590594771580e+00 3.618711723187966189e+00
