9.124116784428742966e-01 9.108896591565569523e-01 9.068642699491916703e-01
9.219215215749011483e-01 9.180775896547127557e-01 9.137596468619000323e-01
9.345198417988712647e-01 9.282651202061947826e-01 9.230621102371553421e-01
9.354752699640047631e-01 9.278873927920722187e-01 9.231880193751952346e-01
9.396302715193529664e-01 9.328422876949740150e-01 9.285280481121054308e-01
9.495178420655023821e-01 9.397969159667599603e-01 9.350975425498800897e-01
9.512509443185352964e-01 9.434186552904056944e-01 9.367936127034891536e-01
9.488734835355285835e-01 9.412300582144602634e-01 9.375416611118512211e-01
9.534062125049993508e-01 9.426965293516420541e-01 9.358604037980121637e-01
9.634937563880371370e-01 9.554503843931919649e-01 9.487623872372543676e-01
