6.190476190476190688e-01 4.047619047619047672e-01 3.571428571428571508e-01
5.714285714285713969e-01 4.285714285714285476e-01 3.333333333333333148e-01
5.714285714285713969e-01 4.761904761904761640e-01 3.095238095238095344e-01
5.714285714285713969e-01 5.238095238095238360e-01 3.809523809523809312e-01
5.476190476190476719e-01 4.761904761904761640e-01 4.285714285714285476e-01
6.190476190476190688e-01 4.523809523809523836e-01 3.571428571428571508e-01
6.190476190476190688e-01 5.000000000000000000e-01 5.000000000000000000e-01
6.666666666666666297e-01 4.047619047619047672e-01 3.571428571428571508e-01
5.714285714285713969e-01 5.000000000000000000e-01 5.238095238095238360e-01
6.190476190476190688e-01 4.761904761904761640e-01 4.047619047619047672e-01
