9.421608094875421058e-01 9.476661951909476356e-01 9.269285170275268770e-01
9.408769448373408562e-01 9.549124143183549407e-01 9.392013926667391877e-01
9.424654553367424192e-01 9.572407790229572333e-01 9.397671635295398174e-01
9.431835491241431502e-01 9.568055706669568172e-01 9.456207159177456578e-01
9.416820802959416925e-01 9.600478729191600502e-01 9.466216951365465926e-01
9.408987052551408548e-01 9.594168208029594247e-01 9.541290392775541029e-01
9.388967468175388742e-01 9.547165705581547313e-01 9.469916222391470129e-01
9.383092155369383569e-01 9.566750081601567146e-01 9.508867370253508700e-01
9.370688717223371045e-01 9.613970188227614067e-01 9.425742574257425233e-01
9.343488194973343930e-01 9.598955499945599490e-01 9.486889348275486800e-01
