6.628658470242628775e-01 6.943314111630943808e-01 4.940920465672941075e-01
6.563159612664563047e-01 6.699597432270699704e-01 5.040365575019040145e-01
7.126101621151126331e-01 6.821455771950821756e-01 4.920900881296920715e-01
6.844304210640844710e-01 6.966815362854966720e-01 4.879120879120878995e-01
7.055380263301055388e-01 6.850614731802850965e-01 4.906756609726906637e-01
6.547056903492547431e-01 7.258404961375258813e-01 4.926993798280926984e-01
6.978130780110978204e-01 6.940702861494940645e-01 4.913719943422913961e-01
7.025133282559025139e-01 6.877597649874878094e-01 4.847785877488847706e-01
6.831683168316832200e-01 7.060820367751060589e-01 4.901534109454901422e-01
6.706995974322706999e-01 7.163964748123163861e-01 4.894135567402894127e-01
