4.273125473991768786e+00 3.921639157215397020e+00 3.851466313244595430e+00
4.275867560070870432e+00 3.896659930519525084e+00 3.927341943608847696e+00
4.219296995382768145e+00 4.205860954065924417e+00 4.099443894944728939e+00
4.154640295179608422e+00 4.115126797804797398e+00 4.012777130392132463e+00
4.050978529266312300e+00 4.088508442554049438e+00 4.004081081973951406e+00
4.230436400619034920e+00 4.206339735839925709e+00 4.152192021016383627e+00
4.172839225457630974e+00 4.129285726769879261e+00 4.103842750150036522e+00
4.266016141191351529e+00 4.203559538483425229e+00 4.165048088633818146e+00
4.288381066687383836e+00 4.213572742408427274e+00 4.110450751228213129e+00
4.089923778121979936e+00 4.168977704991760902e+00 4.105919290855562842e+00
