2.708333333333333148e-01 1.250000000000000000e-01 8.333333333333332871e-02
2.708333333333333148e-01 1.250000000000000000e-01 8.333333333333332871e-02
2.500000000000000000e-01 1.250000000000000000e-01 1.041666666666666713e-01
2.708333333333333148e-01 1.041666666666666713e-01 1.041666666666666713e-01
2.708333333333333148e-01 1.250000000000000000e-01 8.333333333333332871e-02
2.500000000000000000e-01 1.458333333333333426e-01 8.333333333333332871e-02
2.708333333333333148e-01 1.250000000000000000e-01 8.333333333333332871e-02
2.708333333333333148e-01 1.041666666666666713e-01 8.333333333333332871e-02
2.708333333333333148e-01 1.250000000000000000e-01 8.333333333333332871e-02
2.500000000000000000e-01 1.458333333333333426e-01 8.333333333333332871e-02
