8.333333333333333703e-01 5.833333333333333703e-01 4.166666666666666852e-01
8.958333333333333703e-01 5.625000000000000000e-01 4.375000000000000000e-01
8.541666666666666297e-01 6.041666666666666297e-01 3.958333333333333148e-01
8.541666666666666297e-01 6.041666666666666297e-01 4.375000000000000000e-01
8.750000000000000000e-01 6.250000000000000000e-01 4.166666666666666852e-01
8.333333333333333703e-01 5.833333333333333703e-01 4.375000000000000000e-01
8.750000000000000000e-01 5.833333333333333703e-01 3.750000000000000000e-01
8.333333333333333703e-01 6.250000000000000000e-01 4.375000000000000000e-01
8.333333333333333703e-01 5.833333333333333703e-01 4.583333333333333148e-01
8.333333333333333703e-01 6.041666666666666297e-01 4.166666666666666852e-01
