9.910782287019910264e-01 9.633989772603633872e-01 9.549341747361549393e-01
9.930149058861930111e-01 9.672505712109672471e-01 9.615275813295615093e-01
9.921662495919921776e-01 9.669676857795669322e-01 9.606789250353606757e-01
9.916004787291915479e-01 9.667718420193667228e-01 9.608965292133608838e-01
9.922968120987922802e-01 9.674246545533674579e-01 9.617451855075617173e-01
9.927755412903928045e-01 9.680992275051680807e-01 9.628984876509628643e-01
9.930801871395931180e-01 9.678816233271678726e-01 9.617669459253617159e-01
9.933848329887934314e-01 9.686214775323686021e-01 9.631378522467631820e-01
9.932542704819932178e-01 9.683603525187683969e-01 9.628984876509628643e-01
9.933413121531933232e-01 9.688173212925688116e-01 9.629855293221629697e-01
