4.966597758676966623e-01 2.920030464584920105e-01 2.657817430094657762e-01
3.911435099553911554e-01 3.704275922097704510e-01 3.397889239473397827e-01
3.959525622891959529e-01 4.385376999238385642e-01 3.463170492873463013e-01
4.342508976172342328e-01 4.445870960722446141e-01 4.181264280274181178e-01
5.329561527581329061e-01 4.757262539440757498e-01 4.345337830486345476e-01
5.440974866717440683e-01 4.844086606462844058e-01 4.399738874986399706e-01
5.860515721901859987e-01 5.034055053857033890e-01 4.339462517680339193e-01
5.424436949189423984e-01 5.054074638233053696e-01 4.660428680230660481e-01
5.655532586225655578e-01 5.233380480905233112e-01 4.707648786856707401e-01
5.797192906103797450e-01 5.422696115765422986e-01 4.625394407572625544e-01
