3.729136267474510991e+00 3.685843810399395348e+00 3.513138273696193359e+00
3.564255278868461829e+00 3.490683948751436727e+00 3.290261629445252467e+00
3.611340089856312829e+00 3.659492549411340168e+00 3.492465574968358855e+00
3.600692438744267143e+00 3.568908859492433194e+00 3.402798336595707074e+00
3.670610968649651973e+00 3.749890606635716939e+00 3.553633251978559837e+00
3.715090727208302912e+00 3.820102465323015561e+00 3.661917447630107958e+00
3.672787551441513809e+00 3.909432470380664437e+00 3.680474916685259501e+00
3.797638724860798121e+00 3.844904408927474204e+00 3.804198250771464007e+00
3.817884185784701234e+00 4.003402443352760187e+00 3.884313281845224619e+00
3.617081184538616156e+00 4.117757103687694986e+00 3.832774734001871852e+00
