9.879793805270408180e-01 9.787806070301737771e-01 9.742478780607073396e-01
9.880682575656578592e-01 9.787583877705194890e-01 9.741590010220898543e-01
9.882015731235834766e-01 9.789805803670621476e-01 9.744922899169037311e-01
9.882460116428920527e-01 9.792249922232590942e-01 9.747885467122936465e-01
9.881793538639292995e-01 9.792583211127404708e-01 9.748255788117181631e-01
9.884015464604719581e-01 9.791916633337777176e-01 9.746848568339079311e-01
9.880460383060036822e-01 9.790805670355063883e-01 9.747441081929859585e-01
9.884682042394347112e-01 9.793360885215304235e-01 9.748996430105656419e-01
9.881793538639292995e-01 9.792805403723947588e-01 9.747959531321788162e-01
9.887126160956316578e-01 9.794582944496289523e-01 9.750033328889519124e-01
