3.715386643812999878e+00 3.550326010445785219e+00 3.350793584571521322e+00
3.617237203928514777e+00 3.754504148546953690e+00 3.515681964299886886e+00
3.719006015153382361e+00 3.801679813264291052e+00 3.526183761620238499e+00
3.707419768281372985e+00 3.834386870242503242e+00 3.539448239193448753e+00
3.715156433269787506e+00 3.809543371520732080e+00 3.531562620088367854e+00
3.721549530270725548e+00 3.889573537075454723e+00 3.602656918898159422e+00
3.736528158224363239e+00 3.849067374955558396e+00 3.578464146944504876e+00
3.716429026360877685e+00 3.907436974170024779e+00 3.625619030967914380e+00
3.731306386841781730e+00 3.921470543800610553e+00 3.630567563380614260e+00
3.731072669238920447e+00 3.790191939036763547e+00 3.542428911288439952e+00
