1.968503937007874127e-01 2.072909220872051414e-02 1.185277604491578353e-02
1.984126984126984017e-01 2.080344332855093084e-02 1.184538653366583490e-02
2.000000000000000111e-01 2.089337175792507079e-02 1.269841269841269840e-02
1.992031872509960055e-01 2.078853046594981990e-02 1.248439450686641625e-02
1.992031872509960055e-01 2.081837760229720072e-02 1.246882793017456414e-02
2.000000000000000111e-01 2.101449275362318736e-02 1.183063511830635163e-02
1.992031872509960055e-01 2.080344332855093084e-02 1.248439450686641625e-02
1.992031872509960055e-01 2.099927588703837805e-02 1.257071024512885007e-02
2.000000000000000111e-01 2.098408104196816323e-02 1.248439450686641625e-02
1.992031872509960055e-01 2.077363896848137548e-02 1.250000000000000069e-02
