2.000000000000000111e-01 2.157497303128371119e-04 1.364070386031919155e-04
2.162162162162162282e-01 2.157962883038411737e-04 1.363977357975857719e-04
2.162162162162162282e-01 2.158661629789530563e-04 1.363977357975857719e-04
2.162162162162162282e-01 2.157962883038411737e-04 1.364070386031919155e-04
2.162162162162162282e-01 2.157962883038411737e-04 1.364349546353775858e-04
2.162162162162162282e-01 2.158428663932656949e-04 1.363977357975857719e-04
2.162162162162162282e-01 2.157962883038411737e-04 1.363977357975857719e-04
2.162162162162162282e-01 2.158195748354375661e-04 1.364163426778527987e-04
2.162162162162162282e-01 2.158428663932656949e-04 1.364070386031919155e-04
2.162162162162162282e-01 2.158428663932656949e-04 1.364070386031919155e-04
