9.955608747687955118e-01 9.701882276139701666e-01 9.655314982047655814e-01
9.956043956043956200e-01 9.702970297029702706e-01 9.655097377869654718e-01
9.956479164399956172e-01 9.704275922097703733e-01 9.661625503209662069e-01
9.956261560221956186e-01 9.702752692851702720e-01 9.655750190403655786e-01
9.956261560221956186e-01 9.703187901207702692e-01 9.655314982047655814e-01
9.956479164399956172e-01 9.706016755521705841e-01 9.654662169513654746e-01
9.956261560221956186e-01 9.702970297029702706e-01 9.655750190403655786e-01
9.956261560221956186e-01 9.705799151343705855e-01 9.658143836361657852e-01
9.956479164399956172e-01 9.705581547165705869e-01 9.655750190403655786e-01
9.956261560221956186e-01 9.702535088673702734e-01 9.656185398759655758e-01
