9.991460062448292989e-01 7.526620586586960648e-01 6.087641109124389827e-01
9.992260681593765348e-01 7.527154332683941851e-01 6.087374236075898670e-01
9.992260681593765348e-01 7.527954951829414210e-01 6.087374236075898670e-01
9.992260681593765348e-01 7.527154332683941851e-01 6.087641109124389827e-01
9.992260681593765348e-01 7.527154332683941851e-01 6.088441728269862185e-01
9.992260681593765348e-01 7.527688078780924164e-01 6.087374236075898670e-01
9.992260681593765348e-01 7.527154332683941851e-01 6.087374236075898670e-01
9.992260681593765348e-01 7.527421205732433007e-01 6.087907982172879873e-01
9.992260681593765348e-01 7.527688078780924164e-01 6.087641109124389827e-01
9.992260681593765348e-01 7.527688078780924164e-01 6.087641109124389827e-01
