2.864735504626011231e+00 3.501482175256332763e+00 2.885429230250725396e+00
3.315900722687255442e+00 2.659909095085908337e+00 2.983137292307982413e+00
3.358813557499486180e+00 2.857272696786261168e+00 2.804389321406873581e+00
3.355451990808085760e+00 3.431979490631465346e+00 3.204733506304636936e+00
3.596453333566937527e+00 3.130216061705522357e+00 3.135684009552236251e+00
3.383875815079464555e+00 3.401301113769520601e+00 3.200334475437932369e+00
3.541882547381357771e+00 3.840760043980367300e+00 3.646225135862198652e+00
3.692115347944007198e+00 3.838228167036133343e+00 3.778138651055083841e+00
3.908440551633619364e+00 3.998012946013332236e+00 3.930807067332401594e+00
4.048707798331641072e+00 3.980795291721347162e+00 3.450539980265544315e+00
