9.843354219437407959e-01 9.748366884415411437e-01 9.699669673673161352e-01
9.834466515575700507e-01 9.746700439941341498e-01 9.699669673673156911e-01
9.841576678665067135e-01 9.747144825134426149e-01 9.701076893451270333e-01
9.804248322445896502e-01 9.731146958183353179e-01 9.688930364840256937e-01
9.840243523085810962e-01 9.745922765853441971e-01 9.699225288480081142e-01
9.857352353019597224e-01 9.765142425454383934e-01 9.713519678857668316e-01
9.834022130382615856e-01 9.740812336132960159e-01 9.686560310477152491e-01
9.836466248944585322e-01 9.750144425187752262e-01 9.704483846598258578e-01
9.827800737679420751e-01 9.737590543483091166e-01 9.687745337658714151e-01
9.817802070835000006e-01 9.731258054481625175e-01 9.680709238768187008e-01
