2.774869292389674058e+00 3.025004611346234995e+00 3.060993685850041057e+00
2.699579990405877261e+00 2.889208184611014474e+00 2.935947978688522308e+00
2.734322917571658351e+00 2.924587719681394749e+00 2.965595816462281764e+00
2.703062052103689883e+00 2.970133880566184548e+00 3.015979201634107820e+00
2.873098991062183138e+00 2.877207956452310533e+00 2.878798128929372702e+00
2.688220171366830336e+00 2.801950802349748582e+00 2.863397278133945623e+00
2.669884760920875344e+00 2.751802106583403074e+00 2.787122469264959879e+00
2.673243361367712012e+00 2.827862444698222788e+00 2.886785258461044723e+00
2.584233045487997593e+00 2.730224758934472362e+00 2.751179657518689314e+00
2.794844871047359014e+00 2.854143462686931532e+00 2.874060144058643296e+00
