4.721030042918455266e-02 1.194624191139870631e-02 7.410636442894507486e-03
5.210084033613445603e-02 1.076426264800861218e-02 7.249660172179429353e-03
7.373271889400921653e-02 1.401584399756246151e-02 6.469002695417789932e-03
6.904231625835188790e-02 1.126259632483698862e-02 6.250000000000000347e-03
6.262626262626262708e-02 1.068249258160237393e-02 6.237006237006237352e-03
6.086956521739130682e-02 8.599508599508599513e-03 5.929919137466307076e-03
6.292134831460674538e-02 1.118707271597265372e-02 4.417448923246825379e-03
5.841121495327102758e-02 9.357454772301933635e-03 7.131102578167855012e-03
6.263498920086392474e-02 1.053283767038413858e-02 6.007646095030037825e-03
6.711409395973154390e-02 1.046798029556650182e-02 6.070640176600441279e-03
