1.569311246730601545e-02 8.284241531664211919e-04 2.452182442373712764e-04
2.004454342984409929e-02 6.901311249137336229e-04 2.570033410434335711e-04
5.504587155963303058e-02 7.082869574015986753e-04 2.624155349996720060e-04
5.863192182410423281e-02 7.100111573181864481e-04 2.625533311453888928e-04
5.980066445182724566e-02 7.118161480577587510e-04 1.967729240456513084e-04
6.206896551724137845e-02 6.139991813344248530e-04 2.627948229419880513e-04
7.377049180327868716e-02 6.178560395427865407e-04 2.811160306416473514e-04
6.143344709897610723e-02 6.150061500615006333e-04 1.988730527013589746e-04
7.003891050583657685e-02 7.193505292364607562e-04 1.979283499373226827e-04
4.724409448818897572e-02 6.188757091284167533e-04 2.651464934376242689e-04
