9.855075617451855008e-01 9.568055706669568172e-01 9.504515286693504539e-01
9.877271243607876894e-01 9.600043520835600530e-01 9.523229246001523318e-01
9.912523120443912372e-01 9.647916439995647409e-01 9.598955499945599490e-01
9.909041453595909266e-01 9.637036231095637007e-01 9.584811228375584857e-01
9.899031661407898808e-01 9.637253835273636993e-01 9.583940811663583803e-01
9.905994995103906131e-01 9.648786856707648463e-01 9.598737895767598394e-01
9.909259057773909252e-01 9.653791752801653692e-01 9.607659667065607811e-01
9.912305516265912386e-01 9.654444565335654760e-01 9.606136437819605689e-01
9.905559786747905049e-01 9.652486127733652665e-01 9.603960396039603609e-01
9.909259057773909252e-01 9.650310085953650585e-01 9.608094875421607783e-01
