9.699765982342304360e-01 7.113339006488671457e-01 5.663227316242952503e-01
9.765982342304010411e-01 7.304542069992554509e-01 5.862142325284543931e-01
9.917827890649930644e-01 7.373683650675459944e-01 5.947505584512285948e-01
9.923146473779385079e-01 7.380065950430805266e-01 5.949633017764067722e-01
9.924742048718221410e-01 7.386714179342622755e-01 5.946441867886395061e-01
9.927667269439420794e-01 7.402935857887458226e-01 5.953356025954685826e-01
9.939900010637165995e-01 7.419157536432294808e-01 6.217157749175619141e-01
9.926869481970003184e-01 7.407190724391021774e-01 5.989256462078502707e-01
9.936442931603021167e-01 7.414104882459312540e-01 5.970109562812466741e-01
9.903467716200403670e-01 7.423412402935858356e-01 5.989256462078502707e-01
