3.340797363865930070e+00 3.153062932544262509e+00 3.117919058624979645e+00
3.431582409307098125e+00 3.382588302564216054e+00 3.433296735655043452e+00
3.498920018615958583e+00 3.391521621953065502e+00 3.329257677123495185e+00
3.553684121221049264e+00 3.571360025201338662e+00 3.517175114959308235e+00
3.598380778729498353e+00 3.681954730944630327e+00 3.610202920155278772e+00
3.744795660709782315e+00 3.821767995973259335e+00 3.769058614320579981e+00
3.457855277035899455e+00 3.780412157475867563e+00 3.854511351533466801e+00
3.587207098382392267e+00 3.770553996281285958e+00 3.807027586373425532e+00
3.583226832987096433e+00 3.855795772031882063e+00 3.824204836412188779e+00
3.675429046099583541e+00 3.929695033380814273e+00 3.895945763535064277e+00
