2.343750000000000000e-01 9.375000000000000000e-02 4.687500000000000000e-02
2.343750000000000000e-01 7.812500000000000000e-02 6.250000000000000000e-02
2.343750000000000000e-01 9.375000000000000000e-02 4.687500000000000000e-02
2.343750000000000000e-01 7.812500000000000000e-02 6.250000000000000000e-02
2.343750000000000000e-01 7.812500000000000000e-02 6.250000000000000000e-02
2.187500000000000000e-01 1.093750000000000000e-01 4.687500000000000000e-02
2.500000000000000000e-01 6.250000000000000000e-02 7.812500000000000000e-02
2.500000000000000000e-01 9.375000000000000000e-02 6.250000000000000000e-02
2.343750000000000000e-01 9.375000000000000000e-02 9.375000000000000000e-02
2.500000000000000000e-01 7.812500000000000000e-02 6.250000000000000000e-02
