9.062500000000000000e-01 6.875000000000000000e-01 5.000000000000000000e-01
9.062500000000000000e-01 7.031250000000000000e-01 5.468750000000000000e-01
9.375000000000000000e-01 6.875000000000000000e-01 5.468750000000000000e-01
9.375000000000000000e-01 7.031250000000000000e-01 5.468750000000000000e-01
9.218750000000000000e-01 7.187500000000000000e-01 5.781250000000000000e-01
9.375000000000000000e-01 7.187500000000000000e-01 5.468750000000000000e-01
9.375000000000000000e-01 7.187500000000000000e-01 5.468750000000000000e-01
9.218750000000000000e-01 7.343750000000000000e-01 5.468750000000000000e-01
9.375000000000000000e-01 7.343750000000000000e-01 5.468750000000000000e-01
9.218750000000000000e-01 7.500000000000000000e-01 5.312500000000000000e-01
