9.697094984223697534e-01 9.083451202263083113e-01 9.029485366119029965e-01
9.820041344793819516e-01 9.454901534109454442e-01 9.355456424763355372e-01
9.903818953323904051e-01 9.600913937547600474e-01 9.537155913393536855e-01
9.927973017081928031e-01 9.652921336089652637e-01 9.594168208029594247e-01
9.940376455227940555e-01 9.677075399847676618e-01 9.627896855619627603e-01
9.944075726253943648e-01 9.678598629093678740e-01 9.629202480687629739e-01
9.946469372211946824e-01 9.681862691763681861e-01 9.638341856163638033e-01
9.947122184745946782e-01 9.681209879229680793e-01 9.633989772603633872e-01
9.946034163855945742e-01 9.681862691763681861e-01 9.637036231095637007e-01
9.945816559677945756e-01 9.682515504297682929e-01 9.638994668697639101e-01
