7.323903818953323430e-01 5.573060602763573179e-01 4.371015123490371024e-01
7.659449461429659323e-01 5.694483734087694149e-01 4.561418779240561383e-01
7.948645413991948239e-01 5.922532912631922608e-01 4.694157327820694392e-01
8.040256772930040041e-01 5.984114895005984147e-01 4.786421499292786153e-01
8.111848547492112038e-01 6.060058753128060305e-01 4.872810357958872740e-01
8.150799695354150609e-01 6.058535523882058182e-01 4.889130671308888898e-01
8.160809487542161067e-01 6.068545316070068640e-01 4.899140463496899356e-01
8.161462300076161025e-01 6.067674899358067586e-01 4.899358067674899342e-01
8.163855946034164202e-01 6.069415732782069695e-01 4.905233380480905070e-01
8.165596779458165200e-01 6.070503753672070735e-01 4.904145359590904030e-01
