4.464218181460098300e+00 4.048195484718276838e+00 3.873143038519378134e+00
3.918972085450192377e+00 3.759764641489923509e+00 3.695093872620787145e+00
3.719907620112602675e+00 3.788205634104953035e+00 3.752650862442111546e+00
4.073575024159393543e+00 3.857051457244227155e+00 3.809197845189764564e+00
4.143585236459522037e+00 4.135956444991582437e+00 3.866852671497842397e+00
4.068463651325405550e+00 3.843324894409614334e+00 3.638797990172979002e+00
3.429735058140229942e+00 3.582372059582132007e+00 3.570869307885521149e+00
4.141647862414902015e+00 4.096266016672726273e+00 3.873452195239972529e+00
3.989822634297545356e+00 3.974805464783618181e+00 3.716668810507949505e+00
3.945486033341074616e+00 3.849404857459266527e+00 3.702165350395234977e+00
