7.523510971786834256e-02 8.293593199253576891e-04 4.748338081671415242e-04
5.679012345679012447e-02 7.342914087905171505e-04 5.441066449024008342e-04
5.811138014527845314e-02 9.397514879398559005e-04 3.399510470492249337e-04
1.686217008797653849e-02 8.707009142359599082e-04 5.541317448223315482e-04
8.219178082191780366e-02 9.332227291580256698e-04 4.078580653932431586e-04
6.774193548387097419e-02 7.300031285848367990e-04 4.754142895952186945e-04
7.792207792207792028e-02 1.042535446205170935e-03 3.395816354251562181e-04
7.920792079207920888e-02 1.038098204090106896e-03 3.395124601072859144e-04
8.664259927797833549e-02 1.040149781568545971e-03 3.409245874812491311e-04
8.333333333333332871e-02 9.377930603313535448e-04 4.076640847941296361e-04
