5.745856353591160398e-02 2.109248242293131417e-02 1.226993865030674875e-02
5.953827460510328212e-02 2.184598580010923066e-02 1.235132662397072333e-02
5.692803437164339203e-02 1.947719118400820237e-02 1.180208806173399863e-02
5.656108597285067902e-02 2.344196683819325250e-02 1.229895931882686935e-02
5.424769703172978297e-02 2.078891257995735611e-02 1.202590194264569791e-02
5.609492988133765040e-02 2.033172819689673533e-02 1.227272727272727196e-02
5.543933054393305332e-02 2.099031216361679081e-02 1.258154706430568426e-02
6.413301662707839024e-02 1.992460958535272053e-02 1.333946642134314561e-02
6.451612903225806273e-02 1.922050186865990537e-02 1.350093109869646146e-02
6.420927467300832636e-02 2.138157894736842160e-02 1.251738525730180726e-02
