9.814383636165814329e-01 9.606136437819605689e-01 9.544554455445544150e-01
9.831574366227832096e-01 9.610270917201609864e-01 9.530192579697530642e-01
9.808943531715809128e-01 9.583723207485583817e-01 9.526275704493526453e-01
9.818518115547818503e-01 9.628332063975628685e-01 9.545642476335545190e-01
9.798933739527798670e-01 9.600261125013600516e-01 9.535197475791534760e-01
9.809596344249809086e-01 9.601566750081601542e-01 9.527146121205527507e-01
9.803503427265803927e-01 9.604178000217604705e-01 9.538896746817538963e-01
9.828527907735828961e-01 9.603960396039603609e-01 9.533239038189533776e-01
9.829615928625830001e-01 9.600261125013600516e-01 9.538896746817538963e-01
9.828745511913828947e-01 9.611576542269612000e-01 9.536503100859536897e-01
