9.921594684385381946e-01 7.438405315614617930e-01 6.083720930232557889e-01
9.898471760797342700e-01 7.468172757475083356e-01 6.094352159468438002e-01
9.896611295681062570e-01 7.457009966777408128e-01 6.092225913621261979e-01
9.643588039867109218e-01 7.560132890365448555e-01 6.165049833887042974e-01
9.928770764119601022e-01 7.439202657807308938e-01 6.091694352159467973e-01
9.923189368770763963e-01 7.453289036544850088e-01 6.088504983388703939e-01
9.924518272425248977e-01 7.453289036544850088e-01 6.088077393291873030e-01
9.925847176079733991e-01 7.442392026578072972e-01 6.087176079734218925e-01
9.932757475083056065e-01 7.447509700738851324e-01 6.103388704318937208e-01
9.929833887043189034e-01 7.451694352159468071e-01 6.089833887043188954e-01
