3.927835413670593745e+00 4.042840221595603190e+00 3.619286534766831487e+00
3.701770671005383928e+00 3.970457938639782913e+00 3.761813746765908295e+00
3.799292217654826942e+00 4.002375289379572543e+00 3.784660286878627655e+00
3.942897761002548407e+00 4.109596941961847882e+00 4.086655606299873789e+00
3.917708149913349480e+00 3.964429563091694586e+00 3.928685709865265441e+00
3.942874943218740214e+00 4.089935308610694875e+00 4.025380742388037447e+00
4.028791508540897404e+00 4.203329999774722658e+00 4.060214320389374798e+00
4.058566368094093768e+00 4.136617885726122879e+00 4.033588343823744538e+00
4.160150246372596783e+00 4.213665874039903336e+00 4.182301357016684484e+00
4.109263976890812131e+00 4.160216822980468798e+00 4.058424495193055037e+00
