9.324090121317157864e-01 9.223325778785050888e-01 9.163518938215504672e-01
9.170777229702706812e-01 9.181553570635025974e-01 9.124264912826307583e-01
8.915255743678620615e-01 8.854374972225925733e-01 8.852819624050095593e-01
8.929031684664266999e-01 8.835932986712882187e-01 8.777051948629069900e-01
8.933697729191663051e-01 8.842932053503976819e-01 8.753351404997894436e-01
8.963915922321468166e-01 8.814380304848242753e-01 8.742538031966133882e-01
8.831489134782029016e-01 8.731169177443007801e-01 8.663141210801539316e-01
8.864818024263431129e-01 8.655623694618495012e-01 8.575449199366090847e-01
8.746167177709638363e-01 8.688286006310269594e-01 8.609222474040604256e-01
8.597742523219126243e-01 8.505865884548726719e-01 8.443466797019840708e-01
