3.774392974842821769e+00 3.698106376769365156e+00 3.622407996763402416e+00
3.709366744672475846e+00 3.693824120007830114e+00 3.597433282419963074e+00
3.701303022177679480e+00 3.618130793855236060e+00 3.512943887767008722e+00
3.680517258124151425e+00 3.626495933497352109e+00 3.502902098384165885e+00
3.703368775130967183e+00 3.611399163779318577e+00 3.494299828893079773e+00
3.450875850010630241e+00 3.461429298132885801e+00 3.415819111144782649e+00
3.593899459266816088e+00 3.550691886581261780e+00 3.468204341144531799e+00
3.335819138193239830e+00 3.406470668324417250e+00 3.362383569107842529e+00
3.617348979858476365e+00 3.575965678155267558e+00 3.458978132935313976e+00
3.399153716553171112e+00 3.421661920494698528e+00 3.375586972082253556e+00
