4.652526410507556776e+00 4.003730891344716269e+00 3.902599959731411605e+00
5.032318069384347226e+00 4.260884523003220181e+00 4.119379506046504602e+00
5.152409584430818867e+00 4.261564741556152391e+00 4.122342274620697467e+00
5.116807025437394074e+00 4.192328113218116492e+00 4.030945573988375052e+00
5.019440170526796585e+00 4.063104590859810905e+00 3.864939206556918805e+00
4.988569027570787462e+00 4.279746014025735512e+00 4.130919936045827079e+00
5.120104933290548388e+00 4.393718443824715436e+00 4.183731902658657908e+00
5.063373567845526502e+00 4.245279289875148798e+00 4.057697509226534827e+00
5.074970043143744114e+00 4.332603197407602025e+00 4.108532007652179630e+00
4.891795595471240432e+00 4.233129255938731461e+00 4.099262428245179279e+00
