3.857922043368365063e-03 1.463903228291856028e-03 6.260869565217391840e-04
4.738587900805560187e-03 2.099580083983203400e-03 1.028969447522558095e-03
6.027397260273972823e-03 2.478621886231255345e-03 1.547388781431334589e-03
4.693096208472274065e-03 2.134580199227485275e-03 1.134644478063540117e-03
1.034013605442176895e-02 4.192453583549611042e-03 2.294705785936731676e-03
1.314902225219150358e-02 4.425711275026343421e-03 2.418154761904761987e-03
1.241424371120548875e-02 5.901155642980083181e-03 2.766251728907330714e-03
1.880424300867888227e-02 5.939524838012959218e-03 3.034547152194211079e-03
2.129983615510649964e-02 6.319590731266927150e-03 3.448275862068965469e-03
1.396032329169728109e-02 4.799616030717542697e-03 3.218884120171673809e-03
