5.889281507656065522e-04 3.179397504172958955e-04 1.495159421373303845e-04
7.916089451810804983e-04 3.833725833835368874e-04 1.956277204479874845e-04
1.648998822143698433e-03 5.286654135338345571e-04 2.147305132059265664e-04
2.228495023027781980e-03 5.090677696468342032e-04 2.289246265667029055e-04
4.416961130742049629e-03 6.361323155216285462e-04 3.095975232198142600e-04
4.076878276062900763e-03 7.944073721004131028e-04 3.152386356471849186e-04
5.362888809438684165e-03 7.185628742514969976e-04 3.165157941381275056e-04
8.121277747698971844e-03 7.805724197745012851e-04 3.134796238244514309e-04
9.609224855861627640e-03 7.584695769425249014e-04 3.265199503689675460e-04
7.212776919113858543e-03 9.387027128508401231e-04 3.122268015486449238e-04
