8.370579915134370719e-01 7.179849853117179492e-01 6.873898378848873891e-01
8.628876074420629427e-01 7.828092699379828323e-01 7.253617669459253570e-01
8.815798063322816125e-01 8.248503971276248681e-01 7.753454466325753192e-01
8.246327929496246600e-01 7.863779784571863773e-01 7.701229463605701042e-01
9.208573604613208285e-01 8.914590360134914127e-01 8.675443368512675280e-01
9.363072570993362653e-01 8.972037863126971491e-01 8.832988793384832782e-01
9.342182569905341794e-01 9.120226308345120714e-01 9.058644325971059175e-01
9.557175497769556660e-01 9.198781416603198924e-01 9.070612555761070617e-01
9.610053313023609878e-01 9.281471004243281309e-01 9.182461103253182211e-01
9.415950386247415871e-01 9.097595473833097746e-01 8.989228593188989258e-01
