5.476114310087438763e-01 3.294412454681168723e-01 2.869215184474301350e-01
5.962092130518233946e-01 5.134357005758157788e-01 4.550277244615056338e-01
7.740456387289400553e-01 5.464118148859031798e-01 5.035188739603326802e-01
8.209639582000426428e-01 5.812806568564725662e-01 5.343090211132437428e-01
9.098688419705693864e-01 6.230806142034548412e-01 5.696043932608232385e-01
9.088291746641075086e-01 6.646939645979953459e-01 5.773085945830667143e-01
9.258370654723822035e-01 6.663467690339091032e-01 5.790147152911068185e-01
9.511622947323523647e-01 6.928716144167199609e-01 5.749360204734484947e-01
9.587865216464064311e-01 6.839144806995094417e-01 5.919172531456600161e-01
9.486297718063553264e-01 7.162774578801450742e-01 5.732298997654083905e-01
