3.680012318395436743e+00 3.377059089791090596e+00 3.333583458620526851e+00
3.741928438298191661e+00 3.442980254587230338e+00 3.106503358108021917e+00
3.325516758468506140e+00 3.373841954260900167e+00 2.957537555618256597e+00
2.832623856030351384e+00 2.861624643850231298e+00 2.841721513373413277e+00
2.954464784786404508e+00 3.352520903887063586e+00 3.194917732711578751e+00
3.356495155243470307e+00 3.417787502524047838e+00 3.211254197200609006e+00
2.880789672978390392e+00 3.376150300020139383e+00 3.246696346150053980e+00
3.158243731189348313e+00 3.165685206548419117e+00 3.155955849485974962e+00
3.012521838245904249e+00 3.242569493324882757e+00 3.184794092286845402e+00
3.143413631804804709e+00 3.191103975094805811e+00 3.139771666051225374e+00
