1.553784860557768932e-01 2.006920415224913365e-02 9.756097560975609748e-03
1.541501976284584963e-01 2.015288394718554518e-02 1.036585365853658590e-02
1.660079051383399340e-01 2.151283830673143480e-02 9.756097560975609748e-03
1.559999999999999998e-01 2.008310249307479131e-02 1.033434650455927056e-02
9.624413145539906234e-02 1.972872996300863158e-02 1.039956212370005476e-02
1.469534050179211460e-01 2.098849018280297962e-02 9.406231628453850732e-03
1.393728222996515609e-01 2.016129032258064460e-02 1.051401869158878448e-02
7.222222222222221544e-02 1.681159420289855128e-02 8.342022940563086769e-03
1.595330739299610778e-01 2.081887578070784270e-02 9.732360097323601231e-03
1.488549618320610668e-01 1.929703652653342455e-02 9.685230024213075523e-03
