4.117647058823529216e-01 5.128731151913016543e-04 2.808199943836001155e-04
4.000000000000000222e-01 5.128205128205128201e-04 2.657983919197289078e-04
3.888888888888888951e-01 5.129783523135323861e-04 2.658337210075098142e-04
4.117647058823529216e-01 5.128205128205128201e-04 2.658160552897395200e-04
6.306306306306305731e-02 5.056122964910506881e-04 2.637652489284537027e-04
2.258064516129032195e-01 5.115612850419480563e-04 2.651113467656415952e-04
2.089552238805970075e-01 5.105166428425566682e-04 2.650059626341592488e-04
4.516129032258064252e-02 5.023106288929073213e-04 2.628120893561103648e-04
3.043478260869565410e-01 5.129257283545342501e-04 2.658160552897395200e-04
2.916666666666666852e-01 5.127153404429860440e-04 2.657807308970099817e-04
