9.953867914263954120e-01 9.691872483951692319e-01 9.646610814927646382e-01
9.953432705907953038e-01 9.693178109019693345e-01 9.646828419105646368e-01
9.954085518441954106e-01 9.693178109019693345e-01 9.646610814927646382e-01
9.954085518441954106e-01 9.692090088129692305e-01 9.645740398215645328e-01
9.916222391469916575e-01 9.654009356979653678e-01 9.606571646175606771e-01
9.948210205635947823e-01 9.685344358611684967e-01 9.633336960069632804e-01
9.946251768033945728e-01 9.682733108475682915e-01 9.631378522467631820e-01
9.890980306821890444e-01 9.630943314111630738e-01 9.586116853443585883e-01
9.952997497551953066e-01 9.692960504841693359e-01 9.645740398215645328e-01
9.951474268305950943e-01 9.690349254705690196e-01 9.643999564791644330e-01
