9.994679294474447806e-01 7.407752267950730163e-01 6.211657665806485928e-01
9.994413259198169364e-01 7.407486232674452831e-01 5.997499268402990413e-01
9.994147223921892031e-01 7.408284338503285937e-01 5.998031338955545078e-01
9.994679294474447806e-01 7.407486232674452831e-01 5.997765303679267745e-01
9.944664662534251631e-01 7.370507329271861474e-01 5.966639176354784357e-01
9.987230306738673624e-01 7.401101386043789088e-01 5.987123892628162247e-01
9.985900130357285853e-01 7.395780680518236894e-01 5.985527680970497144e-01
9.921253558221819757e-01 7.353215036313814901e-01 5.952007236159514436e-01
9.991486871159115379e-01 7.408018303227007495e-01 5.997765303679267745e-01
9.990954800606560715e-01 7.406954162121897056e-01 5.997233233126713081e-01
