3.672171684135087322e+00 3.288854136438393194e+00 3.346679315457567583e+00
3.484945891930828044e+00 4.269560016415130832e+00 3.926057988166604673e+00
3.871057952209203901e+00 4.306807270640299556e+00 3.719375247802447770e+00
3.831594172586809233e+00 4.527315239464313912e+00 4.194371605197868114e+00
4.104385028497466337e+00 4.667794720036743783e+00 3.600279415212270795e+00
3.842481720809125534e+00 4.427539164553616402e+00 4.047909536984454881e+00
3.814682518161502056e+00 4.811053803090774572e+00 3.466183689937909485e+00
3.856217528657707838e+00 4.578329404241847200e+00 4.023801889983088742e+00
3.856173850118695956e+00 4.307805647321204745e+00 4.096829666628179822e+00
3.850519730395096207e+00 4.410676074263962576e+00 4.128005653011752152e+00
