3.303849884786130175e+00 3.405876525851378123e+00 3.656404708558599559e+00
3.305694917500729524e+00 3.282199045083725508e+00 3.579140613461734066e+00
3.275400190314914806e+00 3.441224317541477173e+00 3.877428518172272742e+00
3.257683261613113945e+00 3.241245175603872930e+00 3.522306162857649081e+00
3.262827662226036818e+00 3.225092343009396512e+00 3.512320382020215348e+00
3.251688329578541925e+00 3.208821581019205560e+00 3.505548316775346507e+00
3.250110267302613209e+00 3.173323601571041319e+00 3.470790911845512916e+00
3.279708609809627085e+00 3.202018281043534920e+00 3.472788088660378580e+00
3.244859896162265667e+00 3.204140078072880371e+00 3.487467786035013617e+00
3.252122333407965638e+00 3.187948724971870096e+00 3.489073091853997610e+00
