1.511627906976744096e-01 1.753104455807158457e-02 8.980115458627325672e-03
1.499999999999999944e-01 1.768607221812822441e-02 9.014810045074050232e-03
1.499999999999999944e-01 1.779095626389918389e-02 8.997429305912596834e-03
1.505791505791505835e-01 1.742919389978213676e-02 9.609224855861627640e-03
1.467181467181467303e-01 1.673944687045123697e-02 8.985879332477535522e-03
1.517509727626459026e-01 1.741654571843250995e-02 8.968609865470851886e-03
1.467181467181467303e-01 1.667875271936185635e-02 9.609224855861627640e-03
1.461538461538461620e-01 1.671511627906976591e-02 9.609224855861627640e-03
1.494252873563218509e-01 1.744186046511627883e-02 9.603072983354672687e-03
1.455938697318007735e-01 1.756954612005856564e-02 9.603072983354672687e-03
