2.727272727272727071e-01 2.080948912704193147e-04 0.000000000000000000e+00
2.727272727272727071e-01 2.080948912704193147e-04 0.000000000000000000e+00
2.727272727272727071e-01 2.080948912704193147e-04 0.000000000000000000e+00
2.727272727272727071e-01 2.080948912704193147e-04 0.000000000000000000e+00
2.727272727272727071e-01 2.080948912704193147e-04 0.000000000000000000e+00
2.727272727272727071e-01 2.080948912704193147e-04 0.000000000000000000e+00
2.727272727272727071e-01 2.080948912704193147e-04 0.000000000000000000e+00
2.727272727272727071e-01 2.080948912704193147e-04 0.000000000000000000e+00
2.727272727272727071e-01 2.080948912704193147e-04 0.000000000000000000e+00
2.727272727272727071e-01 2.080948912704193147e-04 0.000000000000000000e+00
