9.952344685017951997e-01 9.707322380589706867e-01 9.663801544989664150e-01
9.951909476661952025e-01 9.709933630725710030e-01 9.665107170057665176e-01
9.951909476661952025e-01 9.711674464149712138e-01 9.664454357523664108e-01
9.952127080839952011e-01 9.705581547165705869e-01 9.663583940811663053e-01
9.951909476661952025e-01 9.706016755521705841e-01 9.664019149167664136e-01
9.952562289195953094e-01 9.705363942987705883e-01 9.663366336633663067e-01
9.951909476661952025e-01 9.704928734631704801e-01 9.663583940811663053e-01
9.951691872483952039e-01 9.705581547165705869e-01 9.663583940811663053e-01
9.951691872483952039e-01 9.705799151343705855e-01 9.663366336633663067e-01
9.951474268305950943e-01 9.707975193123707935e-01 9.663366336633663067e-01
