9.993611924407772573e-01 7.442374234761778284e-01 6.020495075858397493e-01
9.993611924407772573e-01 7.442374234761778284e-01 6.020495075858397493e-01
9.993611924407772573e-01 7.442374234761778284e-01 6.020495075858397493e-01
9.993611924407772573e-01 7.442374234761778284e-01 6.020495075858397493e-01
9.993611924407772573e-01 7.442374234761778284e-01 6.020495075858397493e-01
9.993611924407772573e-01 7.442374234761778284e-01 6.020495075858397493e-01
9.993611924407772573e-01 7.442374234761778284e-01 6.020495075858397493e-01
9.993611924407772573e-01 7.442374234761778284e-01 6.020495075858397493e-01
9.993611924407772573e-01 7.442374234761778284e-01 6.020495075858397493e-01
9.993611924407772573e-01 7.442374234761778284e-01 6.020495075858397493e-01
