3.611068287163161639e+00 3.377846225260625168e+00 3.297347108412008954e+00
3.927222070697813816e+00 3.779788118262565888e+00 3.522818197966715026e+00
3.895079269155231394e+00 4.002826338439400722e+00 3.851190869428483765e+00
3.955054034183916656e+00 4.029686747610756292e+00 3.844864199351320622e+00
3.805957636576827952e+00 3.979380009441089161e+00 3.805082746829772766e+00
3.833814135750921892e+00 3.987882898024610157e+00 3.856376987503976839e+00
3.783808037421153347e+00 4.168860967014092367e+00 3.971469688809881493e+00
3.955491756520128188e+00 4.130774498240050718e+00 4.020591842803749927e+00
3.881128936005559638e+00 4.072568710595344754e+00 4.038040065493614605e+00
4.091466388533525844e+00 3.847926653303188171e+00 3.998830819547352977e+00
