8.533751055414833253e-01 8.596409367639870069e-01 8.565894917714792500e-01
8.573523530195973352e-01 8.520641692218815511e-01 8.408582559362616227e-01
8.260454161667333262e-01 8.316446695996089211e-01 8.204831948333141112e-01
7.960049771141625152e-01 8.101142069946228874e-01 8.099364529174271077e-01
8.090254632715637717e-01 8.131026974181220224e-01 8.055518523456620672e-01
7.804959338754832165e-01 7.783406656890192732e-01 7.711786576605277332e-01
7.482113495978314210e-01 7.672532551215393015e-01 7.623502051579019723e-01
7.458338888148247081e-01 7.709416522241478997e-01 7.565583848080269513e-01
7.553437319468515598e-01 7.729191663333777607e-01 7.618021300864373790e-01
7.615873439097009534e-01 7.819624050126650072e-01 7.778814676562281205e-01
