3.567558969587474760e+00 3.554643425643251309e+00 3.535030186748622238e+00
3.526170499017349691e+00 3.495704721252041569e+00 3.444146555688633704e+00
3.383239068654225523e+00 3.429754126671948011e+00 3.359166465330084783e+00
3.334440432069973870e+00 3.316601134553867958e+00 3.326012636573991710e+00
3.244808757938008714e+00 3.274787557724107678e+00 3.240646241201141642e+00
3.295133882131461522e+00 3.276512875662602298e+00 3.189118102963138135e+00
3.087160158132890242e+00 3.127078506594852314e+00 3.106598045891777904e+00
3.046850281790990156e+00 3.129674752577149999e+00 3.054771872778831554e+00
3.155175655257724365e+00 3.190592046707729335e+00 3.088433379654924149e+00
3.283903038067488289e+00 3.250594540514221809e+00 3.156921688203522258e+00
