9.500288850375505634e-01 9.421854863795938728e-01 9.377934793879367792e-01
9.480735901879749905e-01 9.418077589654713089e-01 9.374750033328926868e-01
9.486068524196773488e-01 9.412411678442874630e-01 9.369565539409611121e-01
9.530284850908767869e-01 9.445185086432920096e-01 9.390229450888074592e-01
9.523841265609029882e-01 9.432520108429987005e-01 9.386229984150309402e-01
9.495178420655023821e-01 9.422632537883838255e-01 9.389340680501918612e-01
9.521841532240146178e-01 9.428187352797404719e-01 9.377934793879358910e-01
9.548060258632182773e-01 9.450184419855129914e-01 9.398080255965910457e-01
9.510287517219926379e-01 9.438519308536639230e-01 9.401561273311745959e-01
9.535395280629249681e-01 9.453850597698084668e-01 9.408819564798818202e-01
