3.372873251127062488e+00 3.370144356097313221e+00 3.335057481494625442e+00
3.547828005239241911e+00 3.417859075472029051e+00 3.275976053093344831e+00
4.103911435176271105e+00 3.688003474240787671e+00 3.587422994536179743e+00
3.855032165059559368e+00 3.530774828749802197e+00 3.362867694248607986e+00
4.631804025601256924e+00 3.999795334337685748e+00 3.749068257886822852e+00
4.741177307153737530e+00 3.993429352329411319e+00 3.786711364579345318e+00
3.961811838533698449e+00 3.691616252218421046e+00 3.530245521490933847e+00
4.491429377188443262e+00 3.881163975738112448e+00 3.708937979833585530e+00
4.603909225312797560e+00 3.955325050402647591e+00 3.724579172269132599e+00
4.878269964234364764e+00 4.214750921852916221e+00 3.946501218042039127e+00
