9.727591876638670421e-01 9.636715104652713304e-01 9.593831933519996191e-01
9.730035995200639887e-01 9.637381682442340836e-01 9.594720703906166603e-01
9.732480113762609353e-01 9.645269519619605880e-01 9.601978995393228855e-01
9.754032795627249897e-01 9.662933831044749899e-01 9.620272852508585659e-01
9.743811936186286271e-01 9.654268319779585328e-01 9.609163222681453842e-01
9.751366484468737550e-01 9.655823667955383272e-01 9.613310817816909104e-01
9.730924765586810299e-01 9.643269786250722175e-01 9.604200921358664322e-01
9.725592143269786716e-01 9.642047726969736887e-01 9.604349049756349954e-01
9.740034662045060632e-01 9.650824334533173454e-01 9.604645306551745643e-01
9.727814069235213301e-01 9.641936630671466002e-01 9.596868565672752593e-01
