3.106095441515003941e+00 3.357649386856432550e+00 3.461055690986428957e+00
3.082085908811416086e+00 3.352544328867810286e+00 3.492915482016799800e+00
3.067420391874254193e+00 3.236725443517181944e+00 3.398763976090121375e+00
3.139763642523499154e+00 3.302803812420008089e+00 3.486522602747661903e+00
3.023728561935590253e+00 3.248726929297321764e+00 3.443422103078563001e+00
3.100644391382881171e+00 3.297663256710392510e+00 3.489201204982490978e+00
2.831666839107794598e+00 3.467977172657237261e+00 3.596787705620017928e+00
2.666768016961722498e+00 3.317759362810370316e+00 3.475555443738932659e+00
2.799621945336728590e+00 3.525286548494396488e+00 3.628768692540893515e+00
2.696367814091908954e+00 3.496080184508351341e+00 3.612639407204147890e+00
