6.128133704735375803e-02 2.141582391433670407e-02 1.347449470644850739e-02
6.119610570236439645e-02 1.971830985915493106e-02 1.269841269841269840e-02
4.864253393665158437e-02 2.048726467331118614e-02 1.279122887163088203e-02
5.121951219512194814e-02 1.976284584980237194e-02 1.274185936762623796e-02
4.673913043478260948e-02 1.629629629629629484e-02 1.223112610712779463e-02
3.472222222222222376e-02 1.660156250000000000e-02 1.289767841788478156e-02
3.710751665080875422e-02 1.551139117789626827e-02 1.088376142794949923e-02
3.020408163265306256e-02 1.611459265890778994e-02 1.020824826459779469e-02
2.903682719546742119e-02 1.583809942806863047e-02 1.053518752633796941e-02
2.574525745257452702e-02 1.426242868785656051e-02 1.026045777426992829e-02
