5.376344086021505458e-02 1.027538018906699516e-04 0.000000000000000000e+00
4.587155963302752548e-02 1.025641025641025586e-04 0.000000000000000000e+00
2.657807308970099730e-02 3.057480635955972135e-04 0.000000000000000000e+00
2.482269503546099404e-02 3.060912151821242695e-04 6.762239653773329711e-05
2.777777777777777624e-02 3.063099857055340118e-04 0.000000000000000000e+00
2.631578947368420907e-02 4.075810067250865924e-04 0.000000000000000000e+00
2.112676056338028130e-02 4.079967360261117911e-04 0.000000000000000000e+00
2.102102102102102257e-02 4.076225415265464320e-04 0.000000000000000000e+00
1.822916666666666782e-02 2.036245163917735671e-04 6.719526945303050868e-05
1.363636363636363570e-02 4.091653027823240782e-04 0.000000000000000000e+00
