9.853334784027852900e-01 9.642041127189642236e-01 9.553911435099553540e-01
9.853117179849852914e-01 9.621368730279621362e-01 9.526275704493526453e-01
9.816994886301817491e-01 9.615058209117615107e-01 9.529757371341529559e-01
9.830703949515831042e-01 9.622239146991622416e-01 9.544772059623545246e-01
9.809161135893809114e-01 9.566532477423566050e-01 9.490371015123489906e-01
9.758024154063758004e-01 9.561745185507561917e-01 9.500380807311500364e-01
9.779784571863779918e-01 9.558045914481557714e-01 9.505603307583505579e-01
9.741486236535741305e-01 9.521706016755521196e-01 9.472527472527472181e-01
9.701664671961701680e-01 9.513219453813512860e-01 9.489065390055488880e-01
9.687085192035687076e-01 9.473615493417473221e-01 9.454248721575454484e-01
