9.953090434180015267e-01 7.406380767078013516e-01 6.062261787361070686e-01
9.944561422212745416e-01 7.401583197846424156e-01 6.059596471121299066e-01
9.921906234174684425e-01 7.385591300407793325e-01 6.065193635224819246e-01
9.926703803406273785e-01 7.388523148271541885e-01 6.058796876249367136e-01
9.925371145286387975e-01 7.390388869639382685e-01 6.059063407873344076e-01
9.930968309389909265e-01 7.385324768783816385e-01 6.047602548042325665e-01
9.925904208534342965e-01 7.387990085023588005e-01 6.047069484794370675e-01
9.913110690583437634e-01 7.385591300407793325e-01 6.035075561715397274e-01
9.899517577760601483e-01 7.382659452544044765e-01 6.033742903595511464e-01
9.884325275193901472e-01 7.395452970494948985e-01 6.039606599323009695e-01
