4.124651389256382750e+00 4.297353444285397117e+00 4.195864475567316454e+00
4.043715000968335360e+00 4.382556932673565164e+00 4.277135444848495283e+00
3.982233095283799873e+00 4.308019709648569950e+00 4.208806085451968215e+00
3.993121658555468745e+00 4.334792490896437478e+00 4.175222320396629883e+00
4.001985589175815150e+00 4.292112895674998541e+00 4.249495720556572209e+00
4.014725997678969094e+00 4.311837608256884558e+00 4.200068407553457561e+00
3.965978459682026891e+00 4.361917949513915538e+00 4.206928211923708361e+00
3.957665411924728538e+00 4.262082531158452703e+00 4.221825290899871241e+00
3.954531161078162604e+00 4.301577295031203896e+00 4.226674541352399395e+00
3.951480437863834627e+00 4.256033799418160513e+00 4.168178730953263411e+00
