4.103322058282543594e+00 3.940955618522923753e+00 3.951069925278850814e+00
3.957438139185566417e+00 4.040077129584925153e+00 3.976594091539606080e+00
3.980880444365730852e+00 4.167732793410232617e+00 4.026871818095610678e+00
3.892331233520802236e+00 4.052015484628439523e+00 3.891932576036526203e+00
4.154664194833284974e+00 4.168322323536581386e+00 3.896005952691864671e+00
3.994067209426186427e+00 4.148627676001123810e+00 3.964380436690149168e+00
3.969261924706845690e+00 4.179784385668660285e+00 4.119117124663659091e+00
4.088925510735228919e+00 4.112676788627721791e+00 3.986556490925591945e+00
4.348424834010615747e+00 4.242770145125907888e+00 4.115406570874690750e+00
4.036095271088815828e+00 4.190917733408269008e+00 4.109658080042343897e+00
