5.909090909090909394e-01 4.545454545454545303e-01 2.954545454545454697e-01
6.590909090909090606e-01 4.318181818181818232e-01 3.409090909090908839e-01
6.590909090909090606e-01 3.863636363636363535e-01 3.863636363636363535e-01
6.363636363636363535e-01 4.545454545454545303e-01 4.090909090909091161e-01
6.818181818181817677e-01 4.545454545454545303e-01 4.545454545454545303e-01
7.272727272727272929e-01 4.545454545454545303e-01 4.545454545454545303e-01
7.500000000000000000e-01 4.318181818181818232e-01 4.318181818181818232e-01
7.500000000000000000e-01 5.000000000000000000e-01 4.318181818181818232e-01
7.500000000000000000e-01 5.227272727272727071e-01 3.863636363636363535e-01
7.500000000000000000e-01 5.227272727272727071e-01 3.863636363636363535e-01
