2.045454545454545581e-01 1.818181818181818232e-01 1.590909090909090884e-01
3.181818181818181768e-01 1.363636363636363535e-01 1.363636363636363535e-01
3.181818181818181768e-01 1.363636363636363535e-01 1.363636363636363535e-01
3.181818181818181768e-01 1.363636363636363535e-01 1.590909090909090884e-01
3.181818181818181768e-01 1.363636363636363535e-01 1.590909090909090884e-01
3.181818181818181768e-01 1.590909090909090884e-01 1.590909090909090884e-01
3.409090909090908839e-01 1.363636363636363535e-01 1.818181818181818232e-01
3.636363636363636465e-01 1.363636363636363535e-01 1.818181818181818232e-01
3.636363636363636465e-01 1.590909090909090884e-01 1.590909090909090884e-01
3.409090909090908839e-01 1.818181818181818232e-01 1.818181818181818232e-01
