8.887825046240888094e-01 8.246545533674246586e-01 8.068110107714068224e-01
9.356762049831356398e-01 8.767272331628767068e-01 8.498966380154499012e-01
9.445326950277445066e-01 9.039277554129039327e-01 8.741595038624742076e-01
9.099118703079098758e-01 8.943749319986943336e-01 8.815580459144815029e-01
9.584376020019584885e-01 9.295397671635294845e-01 9.172016102709171781e-01
9.774779675769774689e-01 9.495593515395495121e-01 9.340876944837340767e-01
9.833750408007834176e-01 9.534979871613534774e-01 9.461429659449461793e-01
9.879882493743880056e-01 9.601131541725601570e-01 9.501251224023501418e-01
9.894461973669894661e-01 9.622456751169622402e-01 9.551300184963551487e-01
9.915787183113915493e-01 9.660755086497661015e-01 9.580459144815580697e-01
