5.954955935153954938e-01 4.936133173756936388e-01 4.377543248830377820e-01
6.318354912414317903e-01 5.452507888151452153e-01 4.743335872048743407e-01
7.213578500707213959e-01 5.278206941573277966e-01 4.579479926014579649e-01
7.010118594277010562e-01 5.886628223261887172e-01 4.620824719834620842e-01
7.529104558807528935e-01 5.665324774235664940e-01 4.606898052442606750e-01
7.794146447611793871e-01 5.543466434555543998e-01 4.621912740724621882e-01
7.846371450331846020e-01 5.790229572407790126e-01 4.756609726906756430e-01
7.857034055053857546e-01 6.011968229790012330e-01 4.825155042976825293e-01
8.009792188010009806e-01 5.961048852137961207e-01 4.846045044064846152e-01
7.976498748775976422e-01 6.124687193994124979e-01 4.895441192470895708e-01
