4.118167183700181866e+00 3.653490760937590398e+00 3.496417746335774623e+00
3.794122283338368984e+00 3.506691770536976893e+00 3.335939468669372410e+00
3.508980086283757238e+00 3.592225546398242653e+00 3.525245694746178327e+00
3.561220954760738966e+00 3.503921161263262363e+00 3.361213910301647623e+00
3.424440571717887849e+00 3.481659655618563942e+00 3.147519094584744881e+00
3.472266585158374941e+00 3.155870773963365572e+00 3.319867826415288103e+00
3.499602133141978211e+00 3.420920124227997405e+00 3.351328148900945436e+00
3.953287857921955251e+00 3.545713657960062548e+00 3.321788390867693064e+00
3.450086599738576343e+00 3.439004196364715327e+00 3.441843765328417071e+00
4.034725967984113204e+00 4.008042466912732138e+00 3.665189495364988392e+00
