8.531529129449406668e-01 8.627849620050659363e-01 8.661437734227999119e-01
8.408656623561302501e-01 8.474092343243123659e-01 8.519826986031665550e-01
8.679731591343375907e-01 8.570412833844376355e-01 8.533751055414969811e-01
8.580189308092254219e-01 8.593298671288273072e-01 8.620109911271176539e-01
8.090699017908723478e-01 8.136026307603431151e-01 8.159874979632811831e-01
8.355330400391058898e-01 8.323667955383726724e-01 8.350516227466278085e-01
7.834955339288094400e-01 8.086255165977869197e-01 8.100327363759555199e-01
7.764520286184064535e-01 7.981380260409722815e-01 7.975825445496841359e-01
7.560991867750966877e-01 7.872172599208994148e-01 7.925758047075877055e-01
7.331244722925832624e-01 7.703528418433097658e-01 7.754669747738280883e-01
