3.413345522388250508e+00 3.497467620555056556e+00 3.503453970726613687e+00
3.342345196146984332e+00 3.450151949549637553e+00 3.504653696258311690e+00
3.481572770545249274e+00 3.513298763564985716e+00 3.487497702761761076e+00
3.442549627546223068e+00 3.510459433277298480e+00 3.509610953194764793e+00
3.243878737921007893e+00 3.297842815417199258e+00 3.328711452707328267e+00
3.257290896909003752e+00 3.341600915611330880e+00 3.373626774163815067e+00
3.116811698708200851e+00 3.255245933651857548e+00 3.249241149483982571e+00
2.994959824788925307e+00 3.126675250307754617e+00 3.135975131474351141e+00
2.881153298489192327e+00 3.079643263205015469e+00 3.095810109046970737e+00
2.902061973896851832e+00 3.062312673754552517e+00 3.101844872246193763e+00
