6.716417910447761153e-02 1.411161000641436743e-02 5.810882197569994939e-03
6.545454545454545969e-02 1.475304682488774895e-02 6.403415154749199541e-03
6.678700361010830866e-02 1.347881899871630242e-02 6.903876792352628584e-03
6.509945750452079960e-02 1.476251604621309395e-02 6.929637526652452327e-03
6.727272727272727570e-02 1.471529110684581011e-02 7.995735607675906464e-03
6.690777576853526587e-02 1.423027166882276894e-02 7.466666666666666591e-03
6.521739130434782428e-02 1.411161000641436743e-02 6.977992485238861814e-03
6.666666666666666574e-02 1.476251604621309395e-02 5.876068376068376009e-03
6.509945750452079960e-02 1.547388781431334633e-02 6.937033084311632763e-03
6.690777576853526587e-02 1.550387596899224785e-02 6.403415154749199541e-03
