4.316546762589928282e-02 1.021033285685113282e-04 6.627344423089667703e-05
6.349206349206348854e-02 0.000000000000000000e+00 0.000000000000000000e+00
6.201550387596899139e-02 0.000000000000000000e+00 0.000000000000000000e+00
7.563025210084033112e-02 1.022494887525562387e-04 0.000000000000000000e+00
7.377049180327868716e-02 2.046035805626598557e-04 0.000000000000000000e+00
6.722689075630251809e-02 1.021659174499387011e-04 0.000000000000000000e+00
7.499999999999999722e-02 0.000000000000000000e+00 0.000000000000000000e+00
7.964601769911504314e-02 0.000000000000000000e+00 0.000000000000000000e+00
6.557377049180328210e-02 1.022285831118380689e-04 0.000000000000000000e+00
6.481481481481481122e-02 1.023227258774173781e-04 0.000000000000000000e+00
