9.964513460871421424e-01 7.387070092585180658e-01 5.974278929533872740e-01
9.968515702126524713e-01 7.386002828250487484e-01 5.967982924226253871e-01
9.967716976601478374e-01 7.389204621254569227e-01 5.974119530416222013e-01
9.970651796910434683e-01 7.390805517756610099e-01 5.973960139804167513e-01
9.969850586979722706e-01 7.392475987193170006e-01 5.975346193868565914e-01
9.970383414712238324e-01 7.388810330567487927e-01 5.974278929533872740e-01
9.970383414712238324e-01 7.391072333840283948e-01 5.975079377784893175e-01
9.972251867662753622e-01 7.390005069505589663e-01 5.975613009952239763e-01
9.969583778014941000e-01 7.390271885589263512e-01 5.975186766275346617e-01
9.973051575548974590e-01 7.392673230342324819e-01 5.977213906454280634e-01
