4.062575251480202709e+00 4.013863365826788154e+00 3.891368341244521023e+00
3.756930362096248643e+00 4.171859670921848284e+00 4.300803175962784053e+00
4.074650065262961363e+00 4.355857303479981013e+00 4.280864629260149101e+00
3.707774517286797522e+00 4.226195377560459931e+00 4.283659555006255282e+00
3.763675098479172032e+00 4.324373211792734040e+00 4.427487557405933138e+00
3.736382523264830446e+00 4.368338029893889640e+00 4.449396054137057632e+00
3.744806709712267256e+00 4.000745672664816510e+00 4.425830017645209224e+00
3.780896053555453662e+00 4.297607996580903311e+00 4.249896816239325581e+00
3.764646429077767920e+00 4.146246413666858643e+00 4.317396754626799726e+00
3.817346422648662863e+00 4.037811783397661891e+00 4.517518198263496210e+00
