9.508732169044127325e-01 9.481402479669377437e-01 9.430224118265705391e-01
9.632049060125316142e-01 9.538839265875661555e-01 9.472588840006525013e-01
9.718481980180420088e-01 9.622828067368794924e-01 9.579167222148164962e-01
9.676043194240767642e-01 9.612940496822646175e-01 9.563613740390162210e-01
9.700706572457005183e-01 9.644714038128249234e-01 9.585536743249030156e-01
9.825578811713994165e-01 9.726480913655957128e-01 9.664192922425168808e-01
9.816691107852286713e-01 9.734813136026307934e-01 9.685967796886357783e-01
9.706927965160201399e-01 9.620383948806825458e-01 9.593461612525744364e-01
9.846909300982091828e-01 9.751477580767008435e-01 9.704928231791347670e-01
9.843132026840866189e-01 9.751921965960094196e-01 9.705891066376356457e-01
