4.389876341639779689e+00 4.345959693332175355e+00 4.295717935433965629e+00
4.698545848638545408e+00 4.642858772709994142e+00 4.582314990414296574e+00
4.499262917008548968e+00 4.456866510712824692e+00 4.418748373032741483e+00
4.652770623747606749e+00 4.606500279789806029e+00 4.558641235301242212e+00
4.452143903196741803e+00 4.370180441311266151e+00 4.330706435461275206e+00
4.413513771942460195e+00 4.362848156711073067e+00 4.342054516959479749e+00
4.600913580176781537e+00 4.559519698642385599e+00 4.525154608687462776e+00
4.719167230788588796e+00 4.651986499590415214e+00 4.635354478482363483e+00
4.513367579410145325e+00 4.448823138193646720e+00 4.454664206762886103e+00
4.249237807931285360e+00 4.208835761090853111e+00 4.201107749202742880e+00
