3.936787047784154225e+00 3.797800933212972740e+00 3.914719338575216590e+00
3.897291731893132827e+00 3.921730071485917790e+00 3.921893893752143256e+00
3.871681173034959844e+00 4.025594363125630792e+00 4.012756689490806217e+00
4.050016864805487060e+00 3.965198548554214053e+00 3.958120958451023963e+00
3.967793330582832123e+00 3.811796985281863837e+00 3.926423172576425813e+00
4.001385730206580504e+00 3.896139421865181696e+00 3.972666222079588305e+00
3.903282848079580258e+00 3.878823744729378742e+00 3.933034667836304621e+00
4.053464605294911927e+00 3.891356806371487842e+00 3.923477646126009688e+00
3.861022424140090337e+00 3.740675236976777729e+00 3.677939211963080268e+00
4.009245786443503157e+00 3.969606655840759668e+00 3.938545830470112641e+00
