9.875748014361875882e-01 9.641823523011642250e-01 9.574148623653574441e-01
9.878794472853879016e-01 9.644217168969644316e-01 9.576107061255576536e-01
9.874007180937873773e-01 9.646175606571646410e-01 9.575019040365575496e-01
9.875530410183875896e-01 9.645522794037645342e-01 9.572842998585572305e-01
9.875095201827874813e-01 9.646393210749646396e-01 9.576107061255576536e-01
9.876400826895876950e-01 9.647263627461647451e-01 9.582417582417582791e-01
9.877488847785877990e-01 9.647046023283647465e-01 9.579806332281579628e-01
9.877706451963877976e-01 9.646610814927646382e-01 9.578500707213578602e-01
9.877924056141877962e-01 9.648134044173648505e-01 9.579153519747579670e-01
9.878141660319877948e-01 9.647916439995647409e-01 9.579806332281579628e-01
