2.970381057455656355e-03 1.879257693211181662e-03 1.280102408192655434e-03
6.929740134744947176e-03 3.228410008071024885e-03 1.612578109252166920e-03
8.581644815256257719e-03 3.982159923542529650e-03 1.652697438318970593e-03
9.416688464556630458e-03 4.191114836546521415e-03 1.864429351444932747e-03
1.258741258741258827e-02 4.420084865629420046e-03 2.203290246768507647e-03
1.922050186865990537e-02 6.501950585175552376e-03 2.806525171022627736e-03
2.803738317757009310e-02 7.215007215007215001e-03 3.375337533753375221e-03
2.544169611307420600e-02 7.642922653622745248e-03 3.926380368098159740e-03
7.324516785350966216e-03 3.066355942597816849e-03 1.945970695970695996e-03
3.777544596012592099e-02 6.608511763150938349e-03 4.074357015533485761e-03
