8.814455707360070811e-04 2.072538860103626955e-04 1.276161306789178203e-04
1.328168234643054783e-03 2.798572727908766396e-04 1.131541725601131521e-04
1.597018898056960356e-03 3.624830086089714785e-04 1.265182186234817827e-04
2.458009012699713391e-03 3.565380158659416923e-04 1.188071759534275849e-04
4.226267880364109435e-03 2.502502502502502481e-04 1.218026796589525011e-04
2.178649237472767095e-03 3.790032215273829615e-04 1.840942562592047093e-04
2.871794871794871966e-03 2.933985330073349902e-04 1.248907206194579641e-04
7.131940906775343855e-03 2.657218777679362025e-04 1.227295041728031395e-04
1.830065359477124143e-03 2.488800398208063634e-04 1.196172248803827786e-04
1.319796954314720813e-02 3.816429729987596501e-04 1.231299636766607206e-04
