7.443586116853443402e-01 7.226199543031226469e-01 7.283647046023283833e-01
8.877380045696877664e-01 8.387553041018387390e-01 7.844413012729843926e-01
9.094984223697094583e-01 8.639321074964639857e-01 8.159721466652160027e-01
9.175932977913175970e-01 8.707431182678707637e-01 8.369056685888368596e-01
9.385485801327385635e-01 8.774670873680774363e-01 8.521814818844521966e-01
9.600261125013600516e-01 9.168752040039168660e-01 8.762920248068762907e-01
9.728429985855728823e-01 9.251441627679251045e-01 9.036231095637036193e-01
9.699923838537699572e-01 9.293656838211293847e-01 9.116744641497116497e-01
8.938309215536938135e-01 8.231313241214230914e-01 8.102709172016102634e-01
9.800456968773800792e-01 9.182243499075182225e-01 9.148950059841148841e-01
