6.371154923565349737e-01 6.139049702531814701e-01 5.819438145292532560e-01
7.592775391510818705e-01 6.187871835231971707e-01 5.285062561694634509e-01
7.998559346903929557e-01 7.057065869861003371e-01 5.783155030280393571e-01
8.700744337432969600e-01 7.007976949550462908e-01 5.509430942027052636e-01
9.182829549395725710e-01 6.802550489555264646e-01 5.619881012725769232e-01
8.533735293332977978e-01 7.185390710455406005e-01 5.653229464023690198e-01
8.703145425926419598e-01 7.272897046661153109e-01 5.728196782541419285e-01
9.480030947362804161e-01 6.988768241602859588e-01 5.652962676413307852e-01
7.962809807112557481e-01 6.784942507269962064e-01 5.539844729610756691e-01
9.740682442707360167e-01 7.204866206013392782e-01 5.667102419763626608e-01
