3.432102962103369403e+00 3.215045303326798720e+00 3.241963630166418309e+00
3.305186606928693926e+00 3.418133363327337193e+00 3.200693224266142334e+00
3.932912332557337631e+00 3.396321146558181070e+00 3.168375357449164653e+00
3.740643997074003746e+00 3.271344614754384761e+00 3.031831180949467353e+00
3.574969382576425492e+00 3.267843872936194050e+00 3.054030420254894462e+00
3.878594010484446741e+00 3.390447356586629546e+00 3.028330258682350173e+00
3.768742258171177362e+00 3.516170063575231097e+00 3.342361770932997800e+00
3.615782534549627503e+00 3.304257341839537343e+00 3.122651556908436543e+00
3.816953323183719604e+00 2.874609043647140538e+00 2.770486484402677085e+00
3.292229704819681135e+00 3.184289199993821207e+00 3.210264213165739733e+00
