3.973809864745666331e+00 3.797068694488328511e+00 3.792427912869720252e+00
3.748259494255631985e+00 3.687863516513326889e+00 3.663308952851938471e+00
4.155219762439846143e+00 3.861205622235301949e+00 3.768003472917650587e+00
3.997618988731805878e+00 3.857086475581002372e+00 3.827380722426163562e+00
4.072292675835513798e+00 3.836057781220014284e+00 3.761005186330530936e+00
4.130643473229661744e+00 3.862219580832483512e+00 3.812698267388283213e+00
4.211105966263736455e+00 3.863590664304981548e+00 3.776954600819351526e+00
3.945089561966709457e+00 3.823925967206528664e+00 3.766899266308628480e+00
4.284789047428143149e+00 3.989864468927214691e+00 3.843536676784622408e+00
4.192137531039371368e+00 3.840347747415432167e+00 3.806439183638103962e+00
