4.166666666666666435e-02 0.000000000000000000e+00 0.000000000000000000e+00
4.166666666666666435e-02 0.000000000000000000e+00 0.000000000000000000e+00
4.166666666666666435e-02 0.000000000000000000e+00 0.000000000000000000e+00
8.333333333333332871e-02 0.000000000000000000e+00 0.000000000000000000e+00
8.333333333333332871e-02 0.000000000000000000e+00 0.000000000000000000e+00
1.041666666666666713e-01 0.000000000000000000e+00 0.000000000000000000e+00
8.333333333333332871e-02 0.000000000000000000e+00 0.000000000000000000e+00
8.333333333333332871e-02 0.000000000000000000e+00 0.000000000000000000e+00
1.041666666666666713e-01 0.000000000000000000e+00 0.000000000000000000e+00
1.041666666666666713e-01 0.000000000000000000e+00 0.000000000000000000e+00
