8.120117506256120388e-01 6.068545316070068640e-01 4.923294527254923336e-01
8.121205527146121428e-01 6.070503753672070735e-01 4.925035360678924889e-01
8.121640735502121400e-01 6.069198128604069709e-01 4.925905777390925944e-01
8.124904798172124520e-01 6.073767816342073855e-01 4.929169840060929064e-01
8.126210423240126657e-01 6.073332607986073883e-01 4.931345881840931145e-01
8.125557610706125589e-01 6.075508649766075964e-01 4.933739527798933766e-01
8.125340006528125603e-01 6.077031879012076976e-01 4.933739527798933766e-01
8.129039277554128695e-01 6.077684691546078044e-01 4.933739527798933766e-01
8.126210423240126657e-01 6.078337504080078002e-01 4.934609944510934820e-01
8.125557610706125589e-01 6.080513545860080082e-01 4.934174736154934293e-01
