3.997332725513732310e+00 3.981788797115697331e+00 3.979002033664110538e+00
3.775156419002239971e+00 3.763345602625174369e+00 3.819212875702750143e+00
3.861825435656293326e+00 3.851412738429992544e+00 3.886010267251665873e+00
3.773395591711949493e+00 3.779463913121804630e+00 3.818080461067755671e+00
3.833542856085677020e+00 3.860312337218921197e+00 3.885994249795175381e+00
3.900475351196918350e+00 3.859129468410179786e+00 3.863830245513994122e+00
3.764587858974325574e+00 3.749867330906317076e+00 3.829074729993716453e+00
3.770422090682704397e+00 3.797504068390569643e+00 3.896358984735605713e+00
3.741006688423445858e+00 3.767952411069851681e+00 3.843346154647906410e+00
3.715855554297160079e+00 3.765677790325036245e+00 3.856542956194288774e+00
