4.510487330845664111e+00 4.211381044379075789e+00 3.933014882461795647e+00
4.523396147636366216e+00 4.120608415542520220e+00 3.856533962215395572e+00
4.568737156468090532e+00 4.324212902470246256e+00 3.976792105205394723e+00
4.657947853669154981e+00 4.386860075418651306e+00 3.970292290597998264e+00
4.541887936652130975e+00 4.400240755100834456e+00 4.077876283540608604e+00
4.689145268508062792e+00 4.585810623643177486e+00 4.103715279031908914e+00
4.616318085213187317e+00 4.381923917033390126e+00 3.954804700139203266e+00
4.713108065711923977e+00 4.772483336693452927e+00 4.226852590443159308e+00
4.741437291888604300e+00 4.691487083437941408e+00 4.161607613139321593e+00
4.770869988101521741e+00 4.569404895228824870e+00 4.089919631762597874e+00
