5.560962046434032938e-05 0.000000000000000000e+00 5.458068389596921620e-05
8.472422265525714387e-05 2.785903329154478211e-05 0.000000000000000000e+00
1.707650273224043714e-04 0.000000000000000000e+00 3.208830702092157306e-05
1.212954352484534861e-04 3.687859566307715331e-05 1.070549191735360267e-04
2.468404423380726525e-04 4.478280340349305769e-05 8.491487283997792767e-05
2.066435914656196795e-04 0.000000000000000000e+00 8.534607834769992920e-05
3.813466986271518613e-04 9.147457006952066749e-05 1.276215595354575350e-04
6.357279084551811918e-04 1.027907693889088762e-04 4.522635792139659234e-05
4.830584500724587624e-04 1.033591731266149838e-04 1.349224196087249841e-04
5.314908317831517097e-04 2.071143789157562168e-04 4.627487274409995493e-05
