1.429143085805750812e-04 2.045617265009716816e-04 7.898894154818324772e-05
2.155570610334421448e-04 1.876700760063807925e-04 1.626545217957059322e-04
3.034901365705614559e-04 2.881740571305068505e-04 1.766222756013988572e-04
8.959999999999999866e-04 4.863340142009532348e-04 1.950001950001949971e-04
2.314814814814814686e-03 5.543237250554323720e-04 4.266991770801584812e-04
2.621082621082620936e-03 5.307050796057618917e-04 4.598229681572594705e-04
2.978723404255319285e-03 7.179266278986287317e-04 3.066387284714059466e-04
4.891684136967155809e-03 1.175213675213675158e-03 3.432651379925854987e-04
4.659108557229383642e-03 1.177604110908896280e-03 3.000750187546886820e-04
6.022800602280060055e-03 1.535735380980507870e-03 7.597629539583649737e-04
