2.387988249374387861e-01 3.618757480143618976e-01 1.736046132085735938e-01
2.935045152866935236e-01 3.044282450223044223e-01 3.311935589163311766e-01
4.265694701338265671e-01 3.960831247959960555e-01 3.840931345881841152e-01
6.602981177238602672e-01 5.527798933739528353e-01 4.421499292786421620e-01
8.030464584920030680e-01 7.253617669459253570e-01 6.431726689152431620e-01
8.095528234142095325e-01 7.131324121423131546e-01 6.215863344576215699e-01
7.960613643781960791e-01 6.971167446414970881e-01 5.743444674137743178e-01
8.760526602110760841e-01 7.965618539875966020e-01 6.831465564138831104e-01
8.605374823196605405e-01 7.969753019257970195e-01 7.100206723969100242e-01
8.994451093460994473e-01 8.160809487542161067e-01 7.138069850941137773e-01
