4.366440632894561663e-02 3.308070735274564605e-02 2.566079880870074034e-02
5.847626645392899752e-02 4.549926871426671765e-02 3.573897782268786738e-02
2.215130966626778219e-01 1.817311527722377251e-01 1.713070070469352446e-01
3.423746842175242611e-01 2.789522669857731896e-01 2.548863183087355377e-01
4.614811860124983234e-01 4.062225767850020097e-01 3.737268980188804823e-01
4.853609892301555817e-01 4.046536364845100264e-01 3.768913708283472830e-01
5.120595665470016877e-01 4.186411381465230952e-01 3.749767318175774578e-01
6.237734343837255668e-01 4.826485839648982923e-01 4.120462704427602652e-01
6.148384523334663454e-01 4.854939502725701406e-01 4.088020210078446848e-01
5.999468155830341987e-01 4.865310464034037774e-01 4.253689668927004286e-01
