6.682963301857476335e-01 5.616673899636852596e-01 5.584489978155907641e-01
1.382675256623026483e+00 1.027587481338545050e+00 9.300838803670210542e-01
2.088471630327105810e+00 1.590567040819850231e+00 1.331469328693725807e+00
3.031902512313113807e+00 2.336930967232686118e+00 1.595505109991258053e+00
3.620621471028442340e+00 3.146339227137530781e+00 2.632195197283311749e+00
3.743323254018783963e+00 2.978282421483188891e+00 2.364108184248326694e+00
3.530855131773885880e+00 2.906391484437480521e+00 2.314527158547512453e+00
3.880867948535807077e+00 3.195392766301526244e+00 2.704707071029991194e+00
3.847576281214570848e+00 3.131875775517990235e+00 2.889322552633204477e+00
3.889939572911023546e+00 3.280718890381584707e+00 2.725782804869699039e+00
