9.072790294627383068e-01 8.946473803492868138e-01 8.968285710053429671e-01
8.830822556992401484e-01 8.932142381015863997e-01 8.960805225969835641e-01
9.047904723814602646e-01 9.010243078700618247e-01 8.996578234013190567e-01
8.862596098298004543e-01 8.804048349109008242e-01 8.791938852597408482e-01
8.807492334355419006e-01 8.693729724925565172e-01 8.711134811654759336e-01
8.831489134782029016e-01 8.759387637203928101e-01 8.761720659467633343e-01
8.761720659467626682e-01 8.671621561569567982e-01 8.705802189337730201e-01
8.284006576900857510e-01 8.305337066168955173e-01 8.320075841739794642e-01
8.528196240501266789e-01 8.486090743456428109e-01 8.529085010887537122e-01
8.429764920232858394e-01 8.293005377060835848e-01 8.152912944940928774e-01
