3.641443183338216816e+00 3.631843284341238931e+00 3.655948236408257390e+00
3.540032984458672871e+00 3.614224762851336425e+00 3.617818394761322498e+00
3.723131144406924165e+00 3.697686476520370302e+00 3.701186203937730124e+00
3.614426310082556437e+00 3.595166176647638157e+00 3.595148194951429232e+00
3.412454100355930109e+00 3.483172520319591126e+00 3.492996415819904499e+00
3.393073952195615473e+00 3.497812959185427673e+00 3.565844861034647817e+00
3.571615913133098452e+00 3.532096562225562231e+00 3.576503636227751137e+00
3.269783304660224488e+00 3.315858211560006819e+00 3.362840335239700718e+00
3.441223256278879816e+00 3.436123559986321574e+00 3.459355474854349577e+00
3.691071575303104702e+00 3.432324638011923668e+00 3.345597384905661276e+00
