3.035714285714285476e-01 0.000000000000000000e+00 0.000000000000000000e+00
3.035714285714285476e-01 0.000000000000000000e+00 0.000000000000000000e+00
3.035714285714285476e-01 1.785714285714285615e-02 0.000000000000000000e+00
3.392857142857143016e-01 0.000000000000000000e+00 0.000000000000000000e+00
3.214285714285714524e-01 0.000000000000000000e+00 0.000000000000000000e+00
3.392857142857143016e-01 0.000000000000000000e+00 0.000000000000000000e+00
3.214285714285714524e-01 1.785714285714285615e-02 0.000000000000000000e+00
3.214285714285714524e-01 0.000000000000000000e+00 1.785714285714285615e-02
3.214285714285714524e-01 1.785714285714285615e-02 0.000000000000000000e+00
3.214285714285714524e-01 0.000000000000000000e+00 0.000000000000000000e+00
