9.768251550429768448e-01 9.561309977151560835e-01 9.434229137199434678e-01
9.786095093025786174e-01 9.603960396039603609e-01 9.524970079425525427e-01
9.761941029267762193e-01 9.574366227831574427e-01 9.476009139375476398e-01
9.625720813839625523e-01 9.597432270699597368e-01 9.464911326297464900e-01
9.551952997497551445e-01 9.546077684691546272e-01 9.434664345555434650e-01
9.580459144815580697e-01 9.508214557719508742e-01 9.413991948645413776e-01
9.558263518659558811e-01 9.564138831465563984e-01 9.434011533021433582e-01
9.557828310303557728e-01 9.493199869437493055e-01 9.403982156457404429e-01
9.479708410401479490e-01 9.492111848547492015e-01 9.399847677075400254e-01
9.523011641823523332e-01 9.520835600043521252e-01 9.396148406049396051e-01
