8.004352083560004605e-01 6.010445000544010208e-01 4.834294418452834141e-01
7.827657491023827241e-01 6.011750625612011234e-01 4.856707648786856568e-01
7.995212708083995201e-01 5.998041562397997684e-01 4.844521814818844585e-01
8.072026982918072413e-01 6.039386356218039431e-01 4.884560983570884751e-01
8.050701773474050471e-01 6.015232292460015451e-01 4.894570775758894654e-01
7.965618539875966020e-01 6.022848438690022732e-01 4.915895985202916041e-01
8.064410836688064022e-01 6.032205418344032122e-01 4.904798172124904543e-01
8.034163855946033772e-01 6.025677293004025881e-01 4.905015776302905084e-01
7.975193123707975396e-01 6.007180937874007087e-01 4.893700359046893600e-01
8.055706669568055700e-01 6.016755521706016463e-01 4.896746817538896734e-01
