3.835842201424326969e+00 3.854214682697225669e+00 3.634580825520644876e+00
3.961181702051811637e+00 3.931173316801882311e+00 3.813151681167088913e+00
4.017873037309512618e+00 4.126861476089145775e+00 3.935164524295199584e+00
3.795610652865035739e+00 3.908532377820569170e+00 3.731319135240622753e+00
3.899635213721996951e+00 4.036518624466931549e+00 3.854312361411279308e+00
4.087220329946426034e+00 4.186609882085763346e+00 3.967569390318956390e+00
3.995350652662972291e+00 4.178506908942286380e+00 3.966878362579760342e+00
4.023625947985626006e+00 4.200031390952963406e+00 3.975571455737533011e+00
4.024688632901502139e+00 4.224169745210083704e+00 4.041150008624001977e+00
3.985853923955643197e+00 4.145038077890034423e+00 3.982041823861388607e+00
