9.508196721311474864e-01 7.868852459016393297e-01 5.573770491803278215e-01
9.508196721311474864e-01 7.704918032786884918e-01 5.573770491803278215e-01
9.672131147540983243e-01 7.704918032786884918e-01 5.573770491803278215e-01
9.672131147540983243e-01 7.704918032786884918e-01 5.245901639344262568e-01
9.672131147540983243e-01 7.704918032786884918e-01 5.901639344262294973e-01
9.672131147540983243e-01 7.704918032786884918e-01 5.737704918032786594e-01
9.672131147540983243e-01 7.704918032786884918e-01 5.573770491803278215e-01
9.672131147540983243e-01 7.868852459016393297e-01 5.737704918032786594e-01
9.672131147540983243e-01 7.704918032786884918e-01 5.573770491803278215e-01
9.672131147540983243e-01 7.704918032786884918e-01 5.409836065573770947e-01
