2.295081967213114804e-01 8.196721311475409222e-02 3.278688524590164105e-02
2.295081967213114804e-01 8.196721311475409222e-02 1.639344262295082053e-02
2.295081967213114804e-01 8.196721311475409222e-02 1.639344262295082053e-02
2.295081967213114804e-01 8.196721311475409222e-02 1.639344262295082053e-02
2.295081967213114804e-01 6.557377049180328210e-02 1.639344262295082053e-02
2.295081967213114804e-01 6.557377049180328210e-02 1.639344262295082053e-02
2.295081967213114804e-01 4.918032786885245811e-02 3.278688524590164105e-02
2.295081967213114804e-01 6.557377049180328210e-02 1.639344262295082053e-02
2.295081967213114804e-01 6.557377049180328210e-02 1.639344262295082053e-02
2.295081967213114804e-01 6.557377049180328210e-02 1.639344262295082053e-02
