9.950821455771950985e-01 9.707757588945707949e-01 9.662060711565662041e-01
9.951691872483952039e-01 9.707104776411706881e-01 9.662060711565662041e-01
9.952562289195953094e-01 9.707975193123707935e-01 9.660537482319661029e-01
9.952779893373953080e-01 9.705799151343705855e-01 9.661407899031660973e-01
9.952127080839952011e-01 9.703405505385703789e-01 9.660102273963659947e-01
9.952344685017951997e-01 9.704493526275704829e-01 9.662278315743662027e-01
9.953215101729953052e-01 9.706451963877706923e-01 9.661407899031660973e-01
9.952562289195953094e-01 9.704711130453704815e-01 9.661625503209662069e-01
9.953650310085954134e-01 9.707757588945707949e-01 9.660102273963659947e-01
9.952344685017951997e-01 9.704493526275704829e-01 9.659667065607659975e-01
