8.151234903710151691e-01 6.086824067022086338e-01 4.943314111630943142e-01
8.151234903710151691e-01 6.089652921336089486e-01 4.943749319986943669e-01
8.151670112066151663e-01 6.086606462844086352e-01 4.937874007180937941e-01
8.151234903710151691e-01 6.090523338048090540e-01 4.943314111630943142e-01
8.145577195082145394e-01 6.089217712980089514e-01 4.943966924164944210e-01
8.150146882820150651e-01 6.088782504624088432e-01 4.945490153410945222e-01
8.151452507888151677e-01 6.088129692090088474e-01 4.944619736698944723e-01
8.151887716244151649e-01 6.088782504624088432e-01 4.943314111630943142e-01
8.149494070286149583e-01 6.088564900446088446e-01 4.941573278206941588e-01
8.151234903710151691e-01 6.089000108802089528e-01 4.943531715808943683e-01
