2.657577668372527846e+00 2.342757465024513319e+00 2.826029991213080628e+00
2.635122841301728247e+00 2.312525391443181366e+00 3.117663221018170727e+00
2.671530755851160510e+00 2.853130855591760273e+00 2.720857034934672125e+00
2.654760684053683928e+00 2.879252014996984688e+00 2.657392554452830957e+00
2.671063579643150998e+00 2.630135491984266771e+00 2.937847001224057397e+00
2.623933952194656971e+00 2.941210026923310128e+00 2.655776670416245100e+00
2.708902949891903056e+00 2.531313127439696498e+00 2.725466476344743594e+00
2.671610355547652915e+00 2.643428087113946390e+00 3.073579203421131112e+00
2.811511895754303936e+00 2.917016697560055771e+00 2.839595190433214622e+00
2.770648211300636543e+00 2.708428305804297054e+00 3.015203789783319710e+00
