9.871794871794872250e-01 9.778585077545216553e-01 9.730702572990318489e-01
9.871350486601786489e-01 9.777807403457317026e-01 9.728702839621437004e-01
9.874016797760298836e-01 9.780695907212371143e-01 9.732702306359206634e-01
9.873128027374128424e-01 9.782473447984713077e-01 9.734998296523480477e-01
9.876460916322268302e-01 9.784250988757055012e-01 9.736257387903890503e-01
9.883793272008176700e-01 9.786361818424209602e-01 9.739219955857797428e-01
9.878682842287694887e-01 9.784250988757055012e-01 9.736775837295824632e-01
9.882237923832377646e-01 9.789250322179264829e-01 9.740256854641661244e-01
9.885126427587432874e-01 9.789139225880993944e-01 9.739294020056635803e-01
9.885126427587432874e-01 9.791916633337777176e-01 9.742478780607082278e-01
