4.696560837410289402e+00 3.968798381077398574e+00 4.003781012307835674e+00
4.763509311232516197e+00 4.039354672504176236e+00 4.033765369648945054e+00
4.758983327391407947e+00 4.009042624231740959e+00 4.009789946664727545e+00
4.757282498636195456e+00 4.028510054370580740e+00 4.024108078435399527e+00
4.732513572114898537e+00 4.012967237998014802e+00 4.008138609737870617e+00
4.741741097324016607e+00 3.909290105966271689e+00 3.957036957443242464e+00
4.746347063218488316e+00 3.926350826062232180e+00 3.966778374803798801e+00
4.730245816146152471e+00 3.899375283086611077e+00 3.946730065729547654e+00
4.750457443723019146e+00 4.005183534155274394e+00 4.022127040834071465e+00
4.744703421575167113e+00 3.922086166589558776e+00 3.962704685725904064e+00
