9.838920330866347541e-01 9.582063561166739296e-01 9.486286460600783510e-01
9.838920330866347541e-01 9.560296038310840405e-01 9.569003047453199517e-01
9.830213321723987319e-01 9.621245102307357522e-01 9.521114497170222180e-01
9.865041358293425988e-01 9.634305616020897300e-01 9.586417065737918852e-01
9.869394862864605544e-01 9.629952111449716634e-01 9.595124074880279075e-01
9.838920330866347541e-01 9.669133652590334860e-01 9.586417065737918852e-01
9.869394862864605544e-01 9.629952111449716634e-01 9.599477579451458631e-01
9.873748367435786211e-01 9.647366129734435969e-01 9.608184588593817743e-01
9.878101872006965767e-01 9.638659120592076857e-01 9.603831084022638187e-01
9.882455376578145323e-01 9.634305616020897300e-01 9.599477579451458631e-01
