9.749466950959487788e-01 7.338282078472958547e-01 6.064000000000000501e-01
9.829605963791266943e-01 7.424322889006903514e-01 5.972515856236786380e-01
9.803191489361702260e-01 7.401781037192247670e-01 6.069148936170212227e-01
9.835456475583863600e-01 7.503983005841742271e-01 5.998940116587175853e-01
9.893333333333332869e-01 7.546666666666667078e-01 6.041445270988310412e-01
9.861995753715498969e-01 7.470960929250264337e-01 6.010582010582010692e-01
9.914666666666667183e-01 7.461741424802110778e-01 6.028632025450689769e-01
9.903999999999999471e-01 7.555910543130990309e-01 6.050955414012738620e-01
9.914712153518123738e-01 7.553191489361702482e-01 6.049973418394470892e-01
9.898666666666666725e-01 7.514573396926338411e-01 6.073521576984549641e-01
