3.908790104719743308e+00 3.941885491236723382e+00 3.571997522815113957e+00
3.988337799126556060e+00 3.735355824141040948e+00 3.791287356445086854e+00
3.795211677710446097e+00 4.051853927288726176e+00 3.993328361644150615e+00
3.802201964504806853e+00 3.888822634466634121e+00 3.896473352293716275e+00
3.887408466878591984e+00 4.000721515775100379e+00 3.723488601922551489e+00
4.065858434315753556e+00 4.006468346999342067e+00 3.565170346888150821e+00
4.025776624365182244e+00 4.100033195489403148e+00 3.951878603028054826e+00
4.094668132424925666e+00 3.980253628692790535e+00 3.913430537509046570e+00
3.994883231512868171e+00 3.895901239061400734e+00 3.778667296681902155e+00
3.899133743485998949e+00 3.938341992678451753e+00 3.893950203889233297e+00
