9.875794338532639660e-01 9.780140425721014497e-01 9.735146424921157227e-01
9.874238990356841716e-01 9.779251655334844084e-01 9.734331718733832961e-01
9.871572679198329370e-01 9.779251655334844084e-01 9.734924232324611015e-01
9.873128027374128424e-01 9.780807003510643138e-01 9.734924232324613236e-01
9.870906101408700728e-01 9.780362618317557377e-01 9.734627975529220878e-01
9.872239256987956901e-01 9.778807270141758323e-01 9.735368617517700107e-01
9.873794605163755955e-01 9.780695907212371143e-01 9.734257654534981263e-01
9.878016264498067356e-01 9.784139892458783017e-01 9.737072094091197005e-01
9.879793805270408180e-01 9.784028796160512131e-01 9.737220222488892629e-01
9.873128027374128424e-01 9.779473847931386965e-01 9.735072360722302198e-01
