3.292810496424800615e+00 3.856764575409949991e+00 3.724466409931450173e+00
3.159490292567088243e+00 3.815011586413838973e+00 3.718583543523116486e+00
2.622292505386142558e+00 3.610997097744264472e+00 3.566583074528702380e+00
3.565537938102233628e+00 4.021745602050798674e+00 3.779536463845471150e+00
2.265168424237190781e+00 3.531678661873308034e+00 3.633486884381458282e+00
2.601942521662126584e+00 3.672618798727020906e+00 3.682338656865959958e+00
2.342438799903804103e+00 3.607104090856113388e+00 3.705583757358588137e+00
2.108360570027382863e+00 3.473902119866548510e+00 3.627807445985107737e+00
2.206907921905723935e+00 3.567627569610568816e+00 3.658263940936696823e+00
2.343926322317953392e+00 3.619455095564530822e+00 3.686991875937503327e+00
