8.995022885837443694e-01 8.934031018086476816e-01 8.882371239390292050e-01
8.979913789272541136e-01 8.914589165888993083e-01 8.865188345257656310e-01
9.082788961471803812e-01 8.946473803492868138e-01 8.900442903909082659e-01
9.018797493667510823e-01 8.987357241256721530e-01 9.017612466485986911e-01
9.016353375105541357e-01 8.929809358752166526e-01 8.882963752981072325e-01
9.052792960938541578e-01 8.950362173932364662e-01 8.892740227228943528e-01
9.106119184108785181e-01 9.005799226769763965e-01 9.093676398702471575e-01
9.025907656756876341e-01 8.938919255210416859e-01 8.915255743678609512e-01
9.017242145491711769e-01 8.936919521841532044e-01 8.931401739027401421e-01
9.021019419632937408e-01 8.934586499577834573e-01 8.920366173399102427e-01
