8.888888888888889228e-02 0.000000000000000000e+00 0.000000000000000000e+00
8.888888888888889228e-02 0.000000000000000000e+00 0.000000000000000000e+00
8.888888888888889228e-02 0.000000000000000000e+00 0.000000000000000000e+00
8.888888888888889228e-02 0.000000000000000000e+00 0.000000000000000000e+00
8.888888888888889228e-02 0.000000000000000000e+00 0.000000000000000000e+00
1.111111111111111049e-01 0.000000000000000000e+00 0.000000000000000000e+00
1.111111111111111049e-01 0.000000000000000000e+00 0.000000000000000000e+00
1.111111111111111049e-01 0.000000000000000000e+00 0.000000000000000000e+00
1.111111111111111049e-01 0.000000000000000000e+00 0.000000000000000000e+00
1.111111111111111049e-01 0.000000000000000000e+00 0.000000000000000000e+00
