5.777777777777777235e-01 2.444444444444444364e-01 1.111111111111111049e-01
6.222222222222222321e-01 3.333333333333333148e-01 1.555555555555555580e-01
6.666666666666666297e-01 3.777777777777777679e-01 1.333333333333333315e-01
6.666666666666666297e-01 3.777777777777777679e-01 1.777777777777777846e-01
6.888888888888888840e-01 3.777777777777777679e-01 1.777777777777777846e-01
7.333333333333332815e-01 3.555555555555555691e-01 2.222222222222222099e-01
7.333333333333332815e-01 4.000000000000000222e-01 2.444444444444444364e-01
7.777777777777777901e-01 3.555555555555555691e-01 2.666666666666666630e-01
7.333333333333332815e-01 3.333333333333333148e-01 2.666666666666666630e-01
8.000000000000000444e-01 4.222222222222222210e-01 2.444444444444444364e-01
