9.872048743335871679e-01 9.657055815471656812e-01 9.597867479055597340e-01
9.877706451963877976e-01 9.662495919921662013e-01 9.587422478511586910e-01
9.885540202371885243e-01 9.667500816015667242e-01 9.606136437819605689e-01
9.881623327167882165e-01 9.679033837449678712e-01 9.600261125013600516e-01
9.883146556413883177e-01 9.681427483407681889e-01 9.604178000217604705e-01
9.893156348601893635e-01 9.671417691219671431e-01 9.614187792405614053e-01
9.894897182025894633e-01 9.671635295397671417e-01 9.616799042541617215e-01
9.895767598737895687e-01 9.672070503753672499e-01 9.611794146447611986e-01
9.894897182025894633e-01 9.684038733543683941e-01 9.612882167337613026e-01
9.896202807093895659e-01 9.673376128821673525e-01 9.608094875421607783e-01
