8.100533130236100554e-01 6.070721357850070721e-01 4.929605048416929591e-01
8.119247089544119333e-01 6.063758024154063397e-01 4.931128277662931159e-01
8.121640735502121400e-01 6.069633336960069681e-01 4.938526819714938454e-01
8.131432923512131872e-01 6.069415732782069695e-01 4.937003590468936887e-01
8.133173756936132870e-01 6.072462191274072829e-01 4.937874007180937941e-01
8.129256881732129791e-01 6.078990316614079070e-01 4.938744423892938995e-01
8.136873027962137073e-01 6.075291045588074867e-01 4.939179632248938967e-01
8.135349798716134950e-01 6.076596670656077004e-01 4.938309215536938468e-01
8.137743444674138127e-01 6.076379066478075908e-01 4.938962028070938981e-01
8.138178653030138099e-01 6.076379066478075908e-01 4.938526819714938454e-01
