3.534753206038996787e+00 3.639710846477143047e+00 3.372507408151461217e+00
3.723176037244404046e+00 3.557402515350187588e+00 3.690347035957144417e+00
3.754364050290874388e+00 3.776372000390287642e+00 3.701982882787662632e+00
3.957893405202772996e+00 3.644147250871487387e+00 3.586532963202193613e+00
4.114209036282822751e+00 4.028540109425377658e+00 3.618794149249092484e+00
4.136704911124666317e+00 4.154631543609677458e+00 4.043769172901177988e+00
4.134629083114703008e+00 3.965031111010265619e+00 3.871386291594115292e+00
3.894648437267656416e+00 4.229172172514487293e+00 4.046578003264436951e+00
4.166836329490786639e+00 4.292340599250353605e+00 4.003273169895818384e+00
4.085907461275543717e+00 4.336097148215808161e+00 4.224776380145272903e+00
