2.822580645161290244e-02 2.101944298476090319e-04 2.013422818791946254e-04
6.481481481481481122e-02 3.152253861510980544e-04 1.344537815126050457e-04
6.363636363636362980e-02 2.104820037886760600e-04 1.344628210299851970e-04
7.547169811320754429e-02 2.102828304068972746e-04 1.344357061235464037e-04
6.542056074766354479e-02 2.102386208346473245e-04 1.067691650651291885e-04
1.765447667087011348e-03 2.100619682806427794e-04 1.344086021505376343e-04
6.542056074766354479e-02 2.104377104377104285e-04 1.067919692439128597e-04
1.769016932019206378e-03 2.100619682806427794e-04 1.337255950788980889e-04
1.770806982038957735e-03 2.089209234304815750e-04 1.308814868136901988e-04
1.766338632349230379e-03 2.092925910422771063e-04 1.338240214118434335e-04
