6.473594548551958594e-02 1.485148514851485080e-02 5.254860746190226015e-03
6.473594548551958594e-02 1.485148514851485080e-02 5.780346820809248269e-03
6.484641638225255300e-02 1.491609695463020496e-02 5.780346820809248269e-03
6.462585034013605678e-02 1.486988847583643053e-02 5.771248688352570780e-03
6.473594548551958594e-02 1.485148514851485080e-02 5.771248688352570780e-03
6.473594548551958594e-02 1.485148514851485080e-02 5.771248688352570780e-03
6.484641638225255300e-02 1.485148514851485080e-02 5.249343832020997302e-03
6.473594548551958594e-02 1.508196721311475495e-02 5.285412262156448208e-03
6.473594548551958594e-02 1.486068111455108275e-02 5.774278215223097033e-03
6.292517006802721136e-02 1.484230055658627111e-02 5.246589716684155018e-03
