9.880535306277880014e-01 9.653574148623653706e-01 9.588075291045587978e-01
9.880535306277880014e-01 9.653574148623653706e-01 9.588292895223587964e-01
9.880752910455881111e-01 9.655097377869654718e-01 9.588292895223587964e-01
9.880317702099880028e-01 9.654009356979653678e-01 9.587640082689588006e-01
9.880535306277880014e-01 9.653574148623653706e-01 9.587640082689588006e-01
9.880535306277880014e-01 9.653574148623653706e-01 9.587640082689588006e-01
9.880752910455881111e-01 9.653574148623653706e-01 9.587640082689588006e-01
9.880535306277880014e-01 9.673158524643673539e-01 9.590468937003590044e-01
9.880535306277880014e-01 9.653791752801653692e-01 9.587857686867587992e-01
9.880100097921880042e-01 9.653356544445653720e-01 9.587422478511586910e-01
