9.935656120678146852e-01 7.460219991456642497e-01 6.023224773091296891e-01
9.973034307836069479e-01 7.459885195568014549e-01 6.029207603588210285e-01
9.972501802066369159e-01 7.463893857283964151e-01 6.029262562076146414e-01
9.973834570406364675e-01 7.461152346878837660e-01 6.028885685300869879e-01
9.973300582047310847e-01 7.460686156721398898e-01 5.466098617801553594e-01
9.041924864446165833e-01 7.459025145480754349e-01 6.028084788296225183e-01
9.973300582047310847e-01 7.463224497423712744e-01 5.466518181378008379e-01
9.043861347792409022e-01 7.459432048681541305e-01 6.015878936430969492e-01
9.044806468010941902e-01 7.448685823959054764e-01 5.964342313787638350e-01
9.042362624061970333e-01 7.452877975952437728e-01 6.017642512592277226e-01
