4.096579546085322932e+00 4.162855944518402573e+00 3.964142889123183799e+00
4.160812096034427476e+00 4.200267418907326800e+00 4.092240602014596718e+00
4.388194865262695643e+00 4.037903265418686161e+00 4.053493844276255587e+00
3.740882612775382032e+00 4.402465845495134644e+00 4.326564717235167556e+00
4.228923524991355265e+00 4.407910111020559185e+00 4.100587196219660946e+00
3.834365726754731973e+00 3.874516814781296503e+00 4.107605512912939183e+00
4.043116850287461261e+00 3.848660545374097630e+00 4.296248982833147601e+00
4.163934121759419682e+00 4.175921935375357386e+00 4.133685135009077527e+00
4.128803335083870429e+00 3.884620288050683712e+00 3.756648899863112234e+00
3.727734464717634477e+00 4.611189842354914248e+00 4.223576438877230999e+00
