9.845353952806292774e-01 9.689263653735057380e-01 9.653009228399191954e-01
9.787139492512109129e-01 9.705817002177486996e-01 9.583388881482439725e-01
9.857574545616140105e-01 9.761254055014887410e-01 9.703891333007483855e-01
9.870461716215616077e-01 9.759254321646002595e-01 9.682486779540534494e-01
9.861351819757365744e-01 9.748811269608497199e-01 9.687893466056400893e-01
9.861574012353908625e-01 9.781806870195085546e-01 9.687078759869083289e-01
9.856019197440341051e-01 9.746589343643069503e-01 9.696336784725043678e-01
9.757587877171932655e-01 9.719815135759676261e-01 9.683005228932466402e-01
9.762476114295871588e-01 9.740256854641603512e-01 9.693374216771131202e-01
9.823134693152024699e-01 9.742367684308759213e-01 9.699817802070865858e-01
