8.623516864418077077e-01 8.721725992089943702e-01 8.725799523026555038e-01
8.638625960982979635e-01 8.631626894191885002e-01 8.624405634804331866e-01
8.778162911611785413e-01 8.734168777496333913e-01 8.706172510331946501e-01
8.477980713682620184e-01 8.528640625694351440e-01 8.504125375875875026e-01
8.235124205661467078e-01 8.280895880549260513e-01 8.280377431157592838e-01
8.151135404168332599e-01 8.166577789628050033e-01 8.167947977307087326e-01
8.417099942229925302e-01 8.294338532640092021e-01 8.190833814750961839e-01
8.428876149846686872e-01 8.355441496689329783e-01 8.319113007154778083e-01
8.228458427765187322e-01 8.259565391281162849e-01 8.233865114281251341e-01
8.196240501266497391e-01 8.289339199217882204e-01 8.264453628405303842e-01
