3.933911829043941211e+00 3.733821486591558436e+00 3.706278613943478462e+00
3.907461690069783167e+00 3.664636981035498842e+00 3.610338750567951394e+00
3.931859769887168010e+00 3.674777909057111991e+00 3.638623443767662557e+00
3.660393695187328600e+00 3.516022032739032355e+00 3.496535568846731223e+00
3.651910720730474846e+00 3.456559339242541551e+00 3.445584230361778744e+00
3.768079941278666745e+00 3.551030411903940642e+00 3.493969845349161663e+00
4.191291666347885858e+00 3.759700398332253890e+00 3.612375982826538934e+00
3.840382487373016573e+00 3.572027989172227969e+00 3.550103136401715265e+00
3.713652801085295163e+00 3.505276228731178723e+00 3.453315785478705102e+00
3.773789970727967180e+00 3.533131677232540735e+00 3.481730113051781483e+00
