9.703595076212060411e-01 9.588832600097765280e-01 9.535839665822367639e-01
9.711594009687597451e-01 9.649380082655646396e-01 9.598942363240470232e-01
9.698484646491578598e-01 9.606163622628094423e-01 9.585907064243303077e-01
9.771808203350664801e-01 9.678042927609652457e-01 9.649898532047622712e-01
9.779362751633116080e-01 9.707261254055015165e-01 9.655157090165787936e-01
9.783140025774341719e-01 9.689041461138514499e-01 9.663378216237882290e-01
9.757365684575389775e-01 9.640603475092209829e-01 9.585314550652526133e-01
9.828467315469048282e-01 9.674154557170154822e-01 9.599757069427766742e-01
9.786028529529395836e-01 9.696484913122694893e-01 9.639381415811192344e-01
9.820468381993512352e-01 9.738257121272718697e-01 9.685227154897901869e-01
