3.595464242076965800e+00 3.672871135890642513e+00 3.469169998256454335e+00
3.486805333223473191e+00 3.748277081324672189e+00 3.393696043538120932e+00
3.373013382609552302e+00 3.526144940605011158e+00 3.204390267362958067e+00
3.488190032993650824e+00 3.663954859633376415e+00 3.288119514045222402e+00
3.453027921499572717e+00 3.735248184027447405e+00 3.651622852916295070e+00
3.517076877155892234e+00 3.755545156606909796e+00 3.762660194454724216e+00
3.505570259751848994e+00 3.776672306929711898e+00 3.234119496522807946e+00
3.542601150847655145e+00 3.817569477567054559e+00 3.371219336897341545e+00
3.506965973604800890e+00 3.667106580697888418e+00 3.332335125503087969e+00
3.504269981722674121e+00 3.678277007686969746e+00 3.361312042379827947e+00
