6.666666666666666297e-01 4.509803921568627527e-01 3.725490196078431460e-01
7.058823529411765163e-01 4.705882352941176405e-01 3.137254901960784270e-01
6.274509803921568540e-01 4.509803921568627527e-01 3.921568627450980338e-01
6.274509803921568540e-01 4.313725490196078649e-01 3.333333333333333148e-01
6.078431372549019107e-01 4.901960784313725283e-01 2.941176470588235392e-01
5.882352941176470784e-01 4.705882352941176405e-01 3.529411764705882582e-01
5.882352941176470784e-01 4.313725490196078649e-01 3.529411764705882582e-01
6.470588235294117974e-01 4.117647058823529216e-01 3.137254901960784270e-01
5.490196078431373028e-01 4.705882352941176405e-01 3.529411764705882582e-01
5.686274509803921351e-01 4.313725490196078649e-01 3.137254901960784270e-01
