1.372549019607843257e-01 0.000000000000000000e+00 0.000000000000000000e+00
1.372549019607843257e-01 0.000000000000000000e+00 0.000000000000000000e+00
9.803921568627450844e-02 0.000000000000000000e+00 1.960784313725490169e-02
7.843137254901960675e-02 1.960784313725490169e-02 1.960784313725490169e-02
7.843137254901960675e-02 1.960784313725490169e-02 1.960784313725490169e-02
7.843137254901960675e-02 3.921568627450980338e-02 0.000000000000000000e+00
7.843137254901960675e-02 3.921568627450980338e-02 1.960784313725490169e-02
9.803921568627450844e-02 0.000000000000000000e+00 0.000000000000000000e+00
9.803921568627450844e-02 1.960784313725490169e-02 1.960784313725490169e-02
9.803921568627450844e-02 1.960784313725490169e-02 0.000000000000000000e+00
