9.603742791861603623e-01 9.530627788053530614e-01 9.442062887607441946e-01
9.609400500489609920e-01 9.544554455445544150e-01 9.427918616037428423e-01
9.567620498313567090e-01 9.534544663257534802e-01 9.471221847459471155e-01
9.530627788053530614e-01 9.521923620933522292e-01 9.469263409857469060e-01
9.464911326297464900e-01 9.423566532477423152e-01 9.423566532477423152e-01
9.465346534653464872e-01 9.455989554999455482e-01 9.424001740833424234e-01
9.548906539005549421e-01 9.500598411489500350e-01 9.448591012947448187e-01
9.457512784245457604e-01 9.452507888151452375e-01 9.409204656729409644e-01
9.419214448917418991e-01 9.427483407681427341e-01 9.406158198237406509e-01
9.406811010771406467e-01 9.416167990425415857e-01 9.391361114133390808e-01
