8.097269067566097434e-01 6.052225002720051927e-01 4.946795778478946803e-01
8.113589380916113036e-01 6.053965836144054036e-01 4.948101403546947830e-01
8.101838755304101580e-01 6.043956043956043578e-01 4.946142965944946290e-01
8.092046567294092219e-01 6.041780002176041497e-01 4.946360570122946276e-01
8.086824067022087004e-01 6.034381460124034202e-01 4.965292133608965042e-01
8.078990316614078626e-01 6.032640626700032094e-01 4.975519529974975486e-01
8.103361984550103703e-01 6.054618648678055104e-01 4.965292133608965042e-01
8.084648025242084923e-01 6.038298335328038391e-01 4.974431509084974445e-01
8.050266565118050499e-01 6.023936459580023772e-01 4.997715156130997927e-01
8.027200522250027559e-01 6.002393645958001844e-01 5.002937656403002586e-01
