4.034812417385055916e+00 4.264421455531913985e+00 4.030536606372939090e+00
4.218921278275522546e+00 4.325194234289293505e+00 4.127424783187507273e+00
4.154315402952837744e+00 4.246902241318581517e+00 4.102906245883318981e+00
4.123566322987497479e+00 4.241835747704343795e+00 4.180591259087268696e+00
4.223690236655513353e+00 4.288661718404211953e+00 4.095496237681617302e+00
4.093151836801736110e+00 4.387499219022241270e+00 4.190170772105263453e+00
4.182951909827814951e+00 4.256553361586276729e+00 4.216850943270455510e+00
4.130671665213046850e+00 4.236400970349951223e+00 4.200319991138103504e+00
4.234119967152414787e+00 4.297604656704064219e+00 4.183765217713117934e+00
4.149705543467322677e+00 4.212803973694761339e+00 4.190576880650046299e+00
