1.608695652173912916e-01 1.864640883977900648e-02 1.019184652278177540e-02
1.516393442622950838e-01 1.874999999999999931e-02 1.023479831426851380e-02
2.032967032967032961e-01 1.874999999999999931e-02 1.026570048309178793e-02
1.396226415094339590e-01 1.855670103092783504e-02 8.886255924170615925e-03
1.474103585657370596e-01 1.864640883977900648e-02 8.949880668257756758e-03
1.457489878542509998e-01 1.927047487955953209e-02 1.022248947684906845e-02
1.400778210116731537e-01 1.941747572815533812e-02 1.013714967203339229e-02
1.412213740458015399e-01 1.846785225718194229e-02 8.939213349225268168e-03
1.462450592885375378e-01 1.848049281314168360e-02 1.021021021021020943e-02
1.389961389961389959e-01 1.919122686771761524e-02 9.580838323353293301e-03
