2.121212121212121271e-01 1.056077727320730788e-04 0.000000000000000000e+00
1.842105263157894635e-01 1.056412423410099308e-04 0.000000000000000000e+00
1.749999999999999889e-01 1.056077727320730788e-04 0.000000000000000000e+00
1.206896551724137984e-01 1.055520371543170800e-04 0.000000000000000000e+00
1.944444444444444475e-01 1.056077727320730788e-04 0.000000000000000000e+00
1.749999999999999889e-01 1.056189269117025750e-04 0.000000000000000000e+00
1.428571428571428492e-01 1.055297593921485821e-04 0.000000000000000000e+00
1.296296296296296224e-01 1.055520371543170800e-04 0.000000000000000000e+00
1.400000000000000133e-01 1.056077727320730788e-04 0.000000000000000000e+00
1.400000000000000133e-01 1.055186240371425594e-04 0.000000000000000000e+00
