9.958002393645958294e-01 9.690784463061691278e-01 9.640735502121641209e-01
9.954955935153955160e-01 9.692525296485692277e-01 9.642258731367642222e-01
9.968447394189968724e-01 9.692525296485692277e-01 9.643346752257643262e-01
9.950386247415949903e-01 9.689261233815689156e-01 9.635948210205635966e-01
9.953432705907953038e-01 9.690784463061691278e-01 9.638559460341638019e-01
9.954085518441954106e-01 9.689914046349690224e-01 9.641823523011642250e-01
9.951909476661952025e-01 9.692307692307692291e-01 9.638777064519639115e-01
9.951039059949950971e-01 9.687738004569688144e-01 9.638124251985638047e-01
9.952997497551953066e-01 9.687955608747688130e-01 9.641388314655641167e-01
9.951474268305950943e-01 9.688608421281688088e-01 9.640082689587640141e-01
