9.993061671069837226e-01 7.473380834200624712e-01 6.045686227417074177e-01
9.991727377044805625e-01 7.474181410615643451e-01 6.046486803832092916e-01
9.991193659434792762e-01 7.473380834200624712e-01 6.045953086222080053e-01
9.986390200944680329e-01 7.472046540175593110e-01 6.045419368612067190e-01
9.992261094654818487e-01 7.473380834200624712e-01 6.045953086222080053e-01
9.991193659434792762e-01 7.473647693005630588e-01 6.046753662637098792e-01
9.988791930189736545e-01 7.471512822565580247e-01 6.046219945027085929e-01
9.987457636164704944e-01 7.472046540175593110e-01 6.046219945027085929e-01
9.988525071384730669e-01 7.473380834200624712e-01 6.044618792197048451e-01
9.988525071384730669e-01 7.471245963760574371e-01 6.047020521442104668e-01
