3.036682141249736233e+00 3.189181693604175027e+00 2.921410560110298871e+00
2.938616934514630685e+00 3.079993460811772721e+00 3.052169097376357332e+00
3.058405393927920102e+00 3.152375194976249961e+00 3.034713531837391454e+00
3.013053358925805281e+00 2.932253771487307148e+00 3.416819923509264445e+00
3.222940032480287265e+00 3.226214596023102121e+00 3.134344496844094330e+00
3.332243152140594855e+00 3.442564367554725724e+00 3.319938735169242872e+00
3.079019880552308575e+00 3.550167963552003147e+00 3.472088135498583306e+00
3.323134452800512673e+00 3.670554410330658879e+00 3.466718798882979513e+00
3.235103431652754047e+00 3.585264640512475953e+00 3.492545371356293504e+00
3.068787109193203300e+00 3.786838846974926120e+00 3.425029961595151384e+00
