7.906976744186046124e-01 6.279069767441860517e-01 3.720930232558139483e-01
7.674418604651163101e-01 5.581395348837209225e-01 3.488372093023255904e-01
8.604651162790697416e-01 6.046511627906976383e-01 3.953488372093023062e-01
7.906976744186046124e-01 5.348837209302325091e-01 3.488372093023255904e-01
7.906976744186046124e-01 6.046511627906976383e-01 3.953488372093023062e-01
7.441860465116278966e-01 4.883720930232557933e-01 3.720930232558139483e-01
7.674418604651163101e-01 6.046511627906976383e-01 3.953488372093023062e-01
7.441860465116278966e-01 5.813953488372093359e-01 3.953488372093023062e-01
8.372093023255814392e-01 6.046511627906976383e-01 4.186046511627907196e-01
8.139534883720930258e-01 5.348837209302325091e-01 3.953488372093023062e-01
