2.093023255813953598e-01 9.302325581395348708e-02 9.302325581395348708e-02
1.395348837209302306e-01 4.651162790697674354e-02 1.627906976744186163e-01
1.860465116279069742e-01 1.162790697674418589e-01 9.302325581395348708e-02
1.860465116279069742e-01 6.976744186046511531e-02 9.302325581395348708e-02
1.627906976744186163e-01 9.302325581395348708e-02 1.162790697674418589e-01
1.395348837209302306e-01 6.976744186046511531e-02 1.162790697674418589e-01
1.860465116279069742e-01 9.302325581395348708e-02 1.395348837209302306e-01
1.395348837209302306e-01 9.302325581395348708e-02 1.162790697674418589e-01
1.860465116279069742e-01 9.302325581395348708e-02 1.395348837209302306e-01
1.860465116279069742e-01 1.162790697674418589e-01 1.162790697674418589e-01
