9.506038515939505551e-01 9.182243499075182225e-01 9.038624741595038259e-01
9.671635295397671417e-01 9.367424654553367924e-01 9.254705690349254166e-01
9.692525296485692277e-01 9.360461320857360601e-01 9.253835273637254222e-01
9.739963007289740293e-01 9.466652159721467008e-01 9.368730279621368950e-01
9.749537591121749669e-01 9.363290175171363749e-01 9.253182461103253154e-01
9.771733217277771555e-01 9.471657055815471127e-01 9.385703405505385621e-01
9.788488738983788240e-01 9.502121640735502472e-01 9.428353824393428395e-01
9.523664454357523290e-01 9.218801000979218729e-01 9.166140789903166608e-01
9.764769883581764232e-01 9.459253617669459713e-01 9.362419758459362695e-01
9.738439778043738171e-01 9.430747470351430461e-01 9.357632466543357452e-01
