7.647698835817647867e-01 5.467957784789467812e-01 4.385159395060385101e-01
7.652486127733651999e-01 5.735175715373734828e-01 4.572298988140572340e-01
7.514525078881514331e-01 5.656620607115656618e-01 4.613426177782613546e-01
7.806767489935806381e-01 5.795016864323795369e-01 4.708519203568708456e-01
7.375258404961375636e-01 5.686432379501686896e-01 4.503971276248504019e-01
7.785224676313785563e-01 5.692960504841693137e-01 4.680230660428680300e-01
7.742574257425742790e-01 5.675987378957676466e-01 4.673049722554672991e-01
7.559133935371559199e-01 5.815689261233816243e-01 4.815362854966815376e-01
7.867914263953867948e-01 5.746491132629746312e-01 4.594929822652594753e-01
7.920356870851920084e-01 5.857251659231856866e-01 4.727015558698727249e-01
