3.176139925802433428e+00 3.179781390097694782e+00 3.230696384269510890e+00
3.346589281482533540e+00 3.468585361818893542e+00 3.421718263005357752e+00
3.673242527595447005e+00 3.460508138378714182e+00 3.388926383481066562e+00
3.289057684771781620e+00 3.206072136884660306e+00 3.362514302722525272e+00
4.012795382043841563e+00 3.908834091418778467e+00 3.671699231927735507e+00
3.568391213617237767e+00 3.410916475104243784e+00 3.434323636811175362e+00
3.383101532094084263e+00 3.337212233465560729e+00 3.367904312736803352e+00
2.988973429976693907e+00 3.016136201020032992e+00 3.064553647128449576e+00
3.586203571660823819e+00 3.485648471188343756e+00 3.393373229719987005e+00
3.408735401501648887e+00 3.379888016320413691e+00 3.333507924358415142e+00
