2.307692307692307820e-01 5.128205128205128027e-02 0.000000000000000000e+00
2.307692307692307820e-01 5.128205128205128027e-02 0.000000000000000000e+00
2.307692307692307820e-01 5.128205128205128027e-02 0.000000000000000000e+00
2.307692307692307820e-01 5.128205128205128027e-02 0.000000000000000000e+00
2.307692307692307820e-01 5.128205128205128027e-02 0.000000000000000000e+00
2.307692307692307820e-01 5.128205128205128027e-02 0.000000000000000000e+00
2.307692307692307820e-01 0.000000000000000000e+00 0.000000000000000000e+00
2.564102564102564014e-02 0.000000000000000000e+00 0.000000000000000000e+00
0.000000000000000000e+00 0.000000000000000000e+00 0.000000000000000000e+00
0.000000000000000000e+00 0.000000000000000000e+00 0.000000000000000000e+00
