9.230769230769231282e-01 6.666666666666666297e-01 4.358974358974359031e-01
9.230769230769231282e-01 6.666666666666666297e-01 4.358974358974359031e-01
9.230769230769231282e-01 6.666666666666666297e-01 4.358974358974359031e-01
9.230769230769231282e-01 6.666666666666666297e-01 4.358974358974359031e-01
9.230769230769231282e-01 6.666666666666666297e-01 4.358974358974359031e-01
9.230769230769231282e-01 6.666666666666666297e-01 4.358974358974359031e-01
8.205128205128204844e-01 5.384615384615384359e-01 3.333333333333333148e-01
4.615384615384615641e-01 2.564102564102563875e-01 1.794871794871794879e-01
5.128205128205128027e-02 0.000000000000000000e+00 2.564102564102564014e-02
2.564102564102564014e-02 0.000000000000000000e+00 2.564102564102564014e-02
