9.951474268305950943e-01 9.701882276139701666e-01 9.654444565335654760e-01
9.951256664127950957e-01 9.702099880317701652e-01 9.654226961157654774e-01
9.952127080839952011e-01 9.702317484495702749e-01 9.654662169513654746e-01
9.952127080839952011e-01 9.701229463605701708e-01 9.654009356979653678e-01
9.951039059949950971e-01 9.701664671961701680e-01 9.654226961157654774e-01
9.951039059949950971e-01 9.701447067783701694e-01 9.654444565335654760e-01
9.937765205091937393e-01 9.687738004569688144e-01 9.629420084865629725e-01
9.706451963877706923e-01 9.578500707213578602e-01 9.475356326841475330e-01
8.663257534544662741e-01 8.018931563486019209e-01 8.035251876836034812e-01
9.120443912523120700e-01 8.275051680992274727e-01 8.045261669024045270e-01
