8.139701882276140221e-01 6.078772712436079084e-01 4.921771298008921769e-01
8.139701882276140221e-01 6.078772712436079084e-01 4.921118485474921256e-01
8.139701882276140221e-01 6.078990316614079070e-01 4.921988902186921755e-01
8.140137090632140193e-01 6.078990316614079070e-01 4.921336089652921242e-01
8.139049069742139153e-01 6.078119899902078016e-01 4.921336089652921242e-01
8.139701882276140221e-01 6.078772712436079084e-01 4.921771298008921769e-01
8.107278859754106781e-01 6.056359482102056102e-01 4.914372755956914474e-01
7.999564791643999362e-01 6.002611250136002941e-01 4.836470460232836222e-01
7.417691219671417313e-01 5.532368621477532500e-01 4.503971276248504019e-01
7.562180393863562333e-01 5.551082580785551279e-01 4.566423675334566612e-01
