4.074444753198206648e+00 4.051698776019803994e+00 4.044548613241836676e+00
4.030553617245242748e+00 3.679340503036916399e+00 4.205129973226711115e+00
4.051902119320398121e+00 3.773704640318597647e+00 4.328080181844681462e+00
4.061958864794048552e+00 3.637203013097101145e+00 4.339085449996493260e+00
4.058423887501219518e+00 3.704297490391706749e+00 4.307448072334123523e+00
4.077665957118609796e+00 3.684414353023617306e+00 4.314652616043803235e+00
4.031988514628225495e+00 3.689598673521218952e+00 4.324409717274368070e+00
3.896620487682016076e+00 3.846053599402052381e+00 4.036396028861164886e+00
3.612307749525304867e+00 3.638877004940602955e+00 3.835067578035972424e+00
3.615880387853593447e+00 3.708641350119235458e+00 3.799433904073040047e+00
