7.735849056603774088e-01 5.283018867924528239e-01 2.830188679245282946e-01
7.735849056603774088e-01 5.094339622641509413e-01 3.207547169811320598e-01
7.924528301886792914e-01 5.283018867924528239e-01 3.018867924528301772e-01
7.358490566037735325e-01 5.471698113207547065e-01 3.018867924528301772e-01
8.113207547169811740e-01 4.905660377358490587e-01 3.396226415094339424e-01
7.924528301886792914e-01 4.716981132075471761e-01 2.830188679245282946e-01
7.735849056603774088e-01 5.094339622641509413e-01 3.396226415094339424e-01
7.169811320754716499e-01 5.471698113207547065e-01 3.207547169811320598e-01
8.301886792452830566e-01 4.905660377358490587e-01 3.018867924528301772e-01
7.924528301886792914e-01 4.528301886792452935e-01 3.207547169811320598e-01
