3.207547169811320598e-01 1.132075471698113234e-01 1.132075471698113234e-01
3.018867924528301772e-01 1.320754716981132060e-01 1.132075471698113234e-01
2.830188679245282946e-01 1.509433962264150886e-01 7.547169811320754429e-02
3.018867924528301772e-01 1.132075471698113234e-01 1.132075471698113234e-01
2.830188679245282946e-01 1.509433962264150886e-01 5.660377358490566169e-02
2.641509433962264120e-01 1.509433962264150886e-01 1.132075471698113234e-01
3.018867924528301772e-01 1.132075471698113234e-01 9.433962264150944077e-02
2.830188679245282946e-01 7.547169811320754429e-02 1.320754716981132060e-01
2.830188679245282946e-01 1.320754716981132060e-01 9.433962264150944077e-02
2.264150943396226467e-01 1.698113207547169712e-01 9.433962264150944077e-02
