9.824828636709824758e-01 9.607659667065607811e-01 9.537155913393536855e-01
9.773038842345772581e-01 9.579371123925579656e-01 9.518877162441519157e-01
9.776085300837775716e-01 9.558916331193558769e-01 9.506256120117506647e-01
9.718637797845718351e-01 9.604178000217604705e-01 9.513219453813512860e-01
9.797845718637797630e-01 9.610053313023609878e-01 9.523446850179523304e-01
9.803285823087802830e-01 9.599825916657599434e-01 9.524970079425525427e-01
9.754760091393754884e-01 9.608530083777608866e-01 9.518006745729518103e-01
9.691002067239691264e-01 9.605048416929604649e-01 9.506256120117506647e-01
9.759982591665760099e-01 9.575019040365575496e-01 9.504950495049504511e-01
9.744315090849744454e-01 9.560874768795560863e-01 9.492111848547492015e-01
