8.086606462844087018e-01 6.093352192362093689e-01 4.975084321618974958e-01
8.124469589816124548e-01 6.085300837776085325e-01 4.958764008268958801e-01
8.118811881188119361e-01 6.086388858666086366e-01 4.962463279294962448e-01
8.122075943858122482e-01 6.080078337504080110e-01 4.958328799912958273e-01
8.121858339680121386e-01 6.078772712436079084e-01 4.958764008268958801e-01
8.119899902078120402e-01 6.086388858666086366e-01 4.961592862582961394e-01
8.118811881188119361e-01 6.080731150038081179e-01 4.955499945598955680e-01
8.110542922424111012e-01 6.070286149494070749e-01 4.972037863126971824e-01
8.119682297900119305e-01 6.084648025242084257e-01 4.957240779022957233e-01
8.118159068654118293e-01 6.085300837776085325e-01 4.962680883472962434e-01
