4.102487162501565976e+00 4.400370144183543886e+00 4.195368711701267017e+00
4.021979833665131565e+00 4.341301773562945776e+00 4.211447166172916923e+00
4.039375998279704838e+00 4.347670517752666441e+00 4.145787814666514137e+00
4.040645307417602972e+00 4.354526209668975412e+00 4.203158519650155966e+00
4.083721116105034632e+00 4.457918564847782150e+00 4.170417533404273236e+00
3.980605567780552523e+00 4.368410885590792603e+00 4.163144665666578703e+00
4.191625497268677059e+00 4.371551180638643785e+00 4.133353054040950880e+00
4.094704474994631305e+00 4.371564559028386476e+00 4.123371025097100961e+00
4.019702615121707900e+00 4.365408418867978035e+00 4.112121247580322603e+00
4.066295235292828991e+00 4.328149700897082397e+00 4.073507055648978969e+00
