4.838709677419354704e-02 1.156069364161849654e-02 3.224073078989790446e-03
4.659498207885304916e-02 1.161290322580645247e-02 4.303388918773533821e-03
4.856115107913669404e-02 1.219512195121951262e-02 3.215434083601286137e-03
4.701627486437612996e-02 1.097482246610716541e-02 3.767491926803014091e-03
4.927007299270073221e-02 1.231367465975372576e-02 3.779697624190064918e-03
4.562043795620437936e-02 1.165803108808290134e-02 4.329004329004329001e-03
4.710144927536231985e-02 1.295336787564766758e-02 4.312668463611860244e-03
4.701627486437612996e-02 1.295336787564766758e-02 3.783783783783783734e-03
5.100182149362477574e-02 1.228978007761966432e-02 3.250270855904658761e-03
4.918032786885245811e-02 1.294498381877022715e-02 4.329004329004329001e-03
