3.409090909090908839e-02 3.125000000000000065e-04 0.000000000000000000e+00
1.829268292682926719e-02 4.175365344467641153e-04 6.719075455217361716e-05
3.658536585365853439e-02 4.158436427903108292e-04 6.714563889075404388e-05
4.294478527607362150e-02 5.209961446285297712e-04 6.720881779689495206e-05
4.374999999999999722e-02 5.212133847597205834e-04 6.722689075630252286e-05
3.614457831325301046e-02 4.176673279732692951e-04 6.728116800107649211e-05
5.161290322580645157e-02 5.205622071837584519e-04 0.000000000000000000e+00
3.636363636363636187e-02 3.124349093938762808e-04 6.723141051499259850e-05
4.430379746835443056e-02 5.210504376823676780e-04 6.726759047490919361e-05
5.442176870748299117e-02 5.223568742164647061e-04 1.344176355937899041e-04
