9.884452181481884203e-01 9.665107170057665176e-01 9.596344249809596327e-01
9.884234577303884217e-01 9.666630399303666188e-01 9.597214666521597382e-01
9.884887389837885285e-01 9.665107170057665176e-01 9.595256228919595287e-01
9.885322598193885257e-01 9.666630399303666188e-01 9.597214666521597382e-01
9.886628223261886284e-01 9.668371232727668296e-01 9.598520291589598408e-01
9.886193014905886312e-01 9.667936024371668324e-01 9.599608312479599448e-01
9.885540202371885243e-01 9.668371232727668296e-01 9.598085083233598436e-01
9.885322598193885257e-01 9.668371232727668296e-01 9.598955499945599490e-01
9.886628223261886284e-01 9.667718420193667228e-01 9.599608312479599448e-01
9.886410619083886298e-01 9.668153628549668310e-01 9.599608312479599448e-01
