9.954761968120492410e-01 7.446519795657726704e-01 6.037409535972754204e-01
9.914320685434516722e-01 7.452175069841692201e-01 6.040441665558068385e-01
9.957960834397615590e-01 7.442819148936170581e-01 6.036937488357240200e-01
9.958486348395337862e-01 7.447985952216250594e-01 6.040557802852885017e-01
9.959292270852734275e-01 7.449932179047314973e-01 6.041516966067864702e-01
9.957433223369160924e-01 7.452837719181545362e-01 6.044394762056850556e-01
9.960884489502673800e-01 7.447147985640207857e-01 6.041832987386236420e-01
9.957690260777009028e-01 7.447278142701380110e-01 6.042204422682881937e-01
9.959822260064390420e-01 7.449134285486316287e-01 6.044017457951884609e-01
9.963011256286755657e-01 7.454027729728290863e-01 6.041456016177957355e-01
