3.605971129606828196e+00 3.740975776391991303e+00 3.505083373486478582e+00
3.709877052964198008e+00 3.871946796804726532e+00 3.600608139620404380e+00
3.763974133926156096e+00 3.995886839350639264e+00 3.521004060237558964e+00
3.517800094258158428e+00 3.720283305361855142e+00 3.660777285563318273e+00
4.063397883380704734e+00 4.020885576030275743e+00 3.937940471091561978e+00
3.996877404768204745e+00 4.200891337647614243e+00 3.719408601138129544e+00
3.939620417824011955e+00 4.105509970421976185e+00 3.878066551554740116e+00
4.026969449551002889e+00 4.236090552812227905e+00 4.073014877117397070e+00
3.998120249609766308e+00 4.063151759414759034e+00 4.059934090219502245e+00
4.076866966633016176e+00 4.140564449158537386e+00 3.983197844825871137e+00
