1.600000000000000033e-01 8.000000000000000167e-02 4.000000000000000083e-02
1.799999999999999933e-01 5.999999999999999778e-02 4.000000000000000083e-02
1.600000000000000033e-01 4.000000000000000083e-02 0.000000000000000000e+00
1.799999999999999933e-01 5.999999999999999778e-02 2.000000000000000042e-02
1.600000000000000033e-01 5.999999999999999778e-02 5.999999999999999778e-02
1.799999999999999933e-01 5.999999999999999778e-02 4.000000000000000083e-02
1.799999999999999933e-01 5.999999999999999778e-02 4.000000000000000083e-02
1.799999999999999933e-01 5.999999999999999778e-02 4.000000000000000083e-02
1.799999999999999933e-01 5.999999999999999778e-02 4.000000000000000083e-02
1.799999999999999933e-01 4.000000000000000083e-02 4.000000000000000083e-02
