9.200000000000000400e-01 5.999999999999999778e-01 2.999999999999999889e-01
9.200000000000000400e-01 5.600000000000000533e-01 2.800000000000000266e-01
9.000000000000000222e-01 5.400000000000000355e-01 3.599999999999999867e-01
9.000000000000000222e-01 6.400000000000000133e-01 4.000000000000000222e-01
9.200000000000000400e-01 5.999999999999999778e-01 3.400000000000000244e-01
9.000000000000000222e-01 6.199999999999999956e-01 3.599999999999999867e-01
8.599999999999999867e-01 6.199999999999999956e-01 4.000000000000000222e-01
9.000000000000000222e-01 6.199999999999999956e-01 3.400000000000000244e-01
9.200000000000000400e-01 6.400000000000000133e-01 3.400000000000000244e-01
9.200000000000000400e-01 5.799999999999999600e-01 3.599999999999999867e-01
