9.858557284299858114e-01 9.553693830921553554e-01 9.435317158089435718e-01
9.801762593841801818e-01 9.557828310303557728e-01 9.396583614405397133e-01
9.871613534979871707e-01 9.582417582417582791e-01 9.353715591339353264e-01
9.870090305733869585e-01 9.595038624741595301e-01 9.348928299423349131e-01
9.885757806549885229e-01 9.667283211837667256e-01 9.571972581873572361e-01
9.861386138613861263e-01 9.607224458709606729e-01 9.506691328473506619e-01
9.881623327167882165e-01 9.638559460341638019e-01 9.433576324665433610e-01
9.729082798389728781e-01 9.546077684691546272e-01 9.392449135023392959e-01
9.730823631813730890e-01 9.571754977695571265e-01 9.400718093787400198e-01
9.794799260145794495e-01 9.642041127189642236e-01 9.571102165161571307e-01
