7.313023610053313028e-01 6.015014688282015465e-01 4.944402132520944182e-01
7.921662495919921110e-01 6.052225002720051927e-01 4.740724621912740799e-01
8.107931672288107849e-01 6.030682189098031110e-01 4.875204003916875362e-01
7.779131759329779294e-01 5.767381133717767172e-01 5.013817865303014099e-01
7.845936241975846048e-01 5.929278642149928835e-01 4.954411924708954640e-01
7.862038951147861665e-01 6.123599173104123938e-01 4.956370362310956179e-01
8.088782504624089098e-01 5.961484060493961179e-01 4.935697965400935860e-01
8.129474485910129777e-01 6.082689587640082163e-01 4.899575671852899328e-01
8.031335001632031734e-01 5.773691654879773427e-01 4.943096507452943156e-01
8.041344793820041081e-01 6.086388858666086366e-01 4.920465672940920743e-01
