4.031427663899798119e+00 4.065337553101935342e+00 4.103574461602858214e+00
4.383202191886328869e+00 4.217072105236298718e+00 3.749100490668348495e+00
3.698972758637930625e+00 3.938353110606310992e+00 3.664433087776093778e+00
3.866533054878059872e+00 3.949500825446763397e+00 4.295630622122575737e+00
4.298184247494623023e+00 3.944426118056524988e+00 3.829830345566908711e+00
4.162597355082292339e+00 3.998691209695732329e+00 3.757045265764348496e+00
4.262185324272406817e+00 4.095190317415913661e+00 3.808225144336075285e+00
4.132389823430654197e+00 3.541317705772332403e+00 3.760997990715188699e+00
4.093499152383974327e+00 3.801179782951625619e+00 3.585423902906255123e+00
4.291754198612463433e+00 3.876822978679699716e+00 3.731869801371659801e+00
