3.102090694464923804e+00 3.468543939112110230e+00 3.497660108844647731e+00
3.136083797556977970e+00 3.469278709767146474e+00 3.487189975824982913e+00
2.920742062950617335e+00 3.424626774737738799e+00 3.462256152391656627e+00
2.993466135975770381e+00 3.403941905436415283e+00 3.495475631810081030e+00
3.027947971462257026e+00 3.264639151127426420e+00 3.400955135793080508e+00
2.929103210889977937e+00 3.220332917839022535e+00 3.413694220404598134e+00
2.868208107273115370e+00 3.139507513733529986e+00 3.275406979838557220e+00
2.843301917173834070e+00 3.106210181024320782e+00 3.300239126506109066e+00
2.778630869136445636e+00 3.133782892155493105e+00 3.398625550174267484e+00
2.765487493402145613e+00 3.148888747933246801e+00 3.400550264391447808e+00
