9.896680442607652672e-01 9.809692041061192080e-01 9.764031462471712830e-01
9.899346753766165019e-01 9.810914100342176258e-01 9.765068361255581086e-01
9.903124027907390658e-01 9.813247122605874839e-01 9.767364351419849378e-01
9.899568946362706789e-01 9.812025063324889551e-01 9.766994030425619755e-01
9.900902101941962963e-01 9.812247255921432432e-01 9.767290287221011003e-01
9.901568679731591605e-01 9.814135892992045251e-01 9.768697506999112212e-01
9.903346220503932429e-01 9.813580411500688605e-01 9.768919699595658424e-01
9.902679642714304897e-01 9.814246989290317247e-01 9.768993763794507901e-01
9.903568413100475309e-01 9.814246989290317247e-01 9.769364084788736413e-01
9.903790605697018190e-01 9.814691374483401898e-01 9.769067827993350717e-01
