4.378735079483125681e+00 3.968104365814237866e+00 3.843236071828839862e+00
4.381539278064927601e+00 3.903176569754001513e+00 3.903759890740498228e+00
4.386123251224291586e+00 3.968987887433257367e+00 3.823754638521313254e+00
4.391737366630641404e+00 4.113654657850194241e+00 3.840281456530012072e+00
4.403949362040771476e+00 4.197625586743011006e+00 3.966169187623515224e+00
4.397725108537621885e+00 4.012280744140413802e+00 3.739170578580423232e+00
4.381264523133343580e+00 3.945400544386926001e+00 3.861414646466194256e+00
4.406938428516977702e+00 3.905414775520493098e+00 3.841673246885459747e+00
4.397726666076190227e+00 4.348804265355178167e+00 4.206314850830318086e+00
4.402439583579986326e+00 4.399751702229505845e+00 4.176577369189176991e+00
