7.115384615384615641e-01 5.576923076923077094e-01 3.076923076923077094e-01
7.500000000000000000e-01 5.576923076923077094e-01 3.653846153846153633e-01
7.500000000000000000e-01 6.346153846153845812e-01 3.461538461538461453e-01
7.692307692307692735e-01 6.346153846153845812e-01 3.461538461538461453e-01
8.076923076923077094e-01 5.961538461538461453e-01 3.846153846153846367e-01
7.692307692307692735e-01 6.923076923076922906e-01 4.423076923076922906e-01
7.884615384615384359e-01 7.115384615384615641e-01 3.846153846153846367e-01
7.884615384615384359e-01 6.730769230769231282e-01 3.846153846153846367e-01
7.884615384615384359e-01 6.730769230769231282e-01 3.846153846153846367e-01
8.269230769230768718e-01 6.730769230769231282e-01 3.846153846153846367e-01
