9.647158156690218700e-01 9.553615073545749237e-01 9.508732169044165072e-01
9.641381149180109356e-01 9.556170288405990698e-01 9.515472011139294306e-01
9.643158689952451290e-01 9.556392481002532469e-01 9.510287517219958575e-01
9.649157890059103515e-01 9.558058925476603518e-01 9.510731902413037675e-01
9.647824734479847342e-01 9.559169888459316811e-01 9.514435112355429380e-01
9.662267253255121258e-01 9.566391147846953213e-01 9.520138055666689247e-01
9.641158956583566475e-01 9.559725369950673457e-01 9.518878964286280331e-01
9.670932764520285829e-01 9.572501444251877434e-01 9.523915329807913777e-01
9.666933297782518419e-01 9.570612807181264614e-01 9.521767468041336668e-01
9.656934630938097675e-01 9.564391414478069509e-01 9.519101156882814330e-01
