1.712062256809338545e-01 2.500000000000000139e-02 1.240694789081885942e-02
1.732283464566929110e-01 2.423378474697077817e-02 1.365611421477343213e-02
1.712062256809338545e-01 2.492877492877492926e-02 1.440200375704445840e-02
1.718750000000000000e-01 2.494654312188168341e-02 1.489757914338919915e-02
1.764705882352941291e-01 2.494654312188168341e-02 1.430348258706467743e-02
1.712062256809338545e-01 2.494654312188168341e-02 1.425914445133292033e-02
1.705426356589147263e-01 2.492877492877492926e-02 1.434809731752963169e-02
1.705426356589147263e-01 2.498215560314061279e-02 1.432129514321295143e-02
1.718750000000000000e-01 2.492877492877492926e-02 1.428571428571428527e-02
1.712062256809338545e-01 2.496433666191155351e-02 1.488833746898263026e-02
