3.636363636363636465e-01 1.255886970172684488e-03 6.747183051076175971e-04
3.720930232558139483e-01 1.255886970172684488e-03 6.746272684341901495e-04
4.047619047619047672e-01 1.255755546253662638e-03 6.071645415907711346e-04
4.047619047619047672e-01 1.255755546253662638e-03 6.071235833783054014e-04
4.047619047619047672e-01 1.255624149837815222e-03 6.071235833783054014e-04
4.146341463414633943e-01 1.255624149837815222e-03 6.071235833783054014e-04
4.146341463414633943e-01 1.255624149837815222e-03 6.745817593092282840e-04
4.146341463414633943e-01 1.255624149837815222e-03 6.746272684341901495e-04
3.863636363636363535e-01 1.256018421603516877e-03 6.745817593092282840e-04
4.047619047619047672e-01 1.255624149837815222e-03 6.745817593092282840e-04
