9.953650310085954134e-01 9.702970297029702706e-01 9.653574148623653706e-01
9.954303122619954092e-01 9.702099880317701652e-01 9.654226961157654774e-01
9.953650310085954134e-01 9.702099880317701652e-01 9.657491023827657894e-01
9.953867914263954120e-01 9.702317484495702749e-01 9.654662169513654746e-01
9.954303122619954092e-01 9.702317484495702749e-01 9.655097377869654718e-01
9.953650310085954134e-01 9.702317484495702749e-01 9.654009356979653678e-01
9.953432705907953038e-01 9.702099880317701652e-01 9.656185398759655758e-01
9.953432705907953038e-01 9.702752692851702720e-01 9.655532586225655800e-01
9.953867914263954120e-01 9.702099880317701652e-01 9.654662169513654746e-01
9.953650310085954134e-01 9.702535088673702734e-01 9.654444565335654760e-01
