9.992550417708720989e-01 7.461022721225988308e-01 6.059437024423988127e-01
9.992816474219123890e-01 7.461022721225988308e-01 6.058904911403182325e-01
9.993348587239929692e-01 7.460756664715585407e-01 6.058638854892779424e-01
9.993348587239929692e-01 7.460756664715585407e-01 6.058372798382376523e-01
9.993348587239929692e-01 7.460490608205182506e-01 6.058372798382376523e-01
9.993614643750332593e-01 7.460490608205182506e-01 6.058372798382376523e-01
9.993614643750332593e-01 7.460490608205182506e-01 6.058638854892779424e-01
9.993614643750332593e-01 7.460490608205182506e-01 6.058904911403182325e-01
9.992816474219123890e-01 7.461288777736391209e-01 6.058638854892779424e-01
9.993348587239929692e-01 7.460490608205182506e-01 6.058638854892779424e-01
