4.469925599131531868e+00 4.714237027280772097e+00 4.862117442086517194e+00
4.715360013454128918e+00 4.577842307073983541e+00 4.562159911689869674e+00
4.311234388618787605e+00 4.595130900034826382e+00 3.844022676578378039e+00
4.010861141734801905e+00 3.811183914397998862e+00 4.195876201266593775e+00
3.871470033560894475e+00 4.630920524035377461e+00 4.609084382775755273e+00
3.827404646804180910e+00 4.397139961687676291e+00 4.199173669207596937e+00
3.310358551062190902e+00 3.767600323356314895e+00 4.556652739630673743e+00
3.141083036201993473e+00 3.500393083844196340e+00 4.456462843475993196e+00
3.477396081687389007e+00 3.806234120800016996e+00 3.930638033179615132e+00
3.491761738027106432e+00 3.763170931585118506e+00 4.640851487447791079e+00
