9.519841798871261362e-01 9.369306314713593542e-01 9.366899228250948894e-01
9.438741501133182110e-01 9.343420877216370712e-01 9.280910693388938482e-01
9.482069057459004968e-01 9.330422610318623855e-01 9.277725932838478684e-01
9.608496644891791894e-01 9.432409012131716119e-01 9.402450043697780924e-01
9.344309647602542235e-01 9.238434875349953446e-01 9.241434475403211835e-01
9.481624672265920317e-01 9.283095587255032477e-01 9.283502940348555832e-01
9.530951428698395400e-01 9.322534773141358810e-01 9.297056688737747043e-01
9.474292316580011919e-01 9.356419144114117570e-01 9.367787998637145952e-01
9.480958094476291675e-01 9.308314446962626665e-01 9.278466574826937929e-01
9.510954095009553910e-01 9.328645069546283031e-01 9.328904294242144069e-01
