9.833799937786072975e-01 9.739590276851974870e-01 9.687449080863311801e-01
9.789805803670621476e-01 9.710149757810069282e-01 9.668266453361785695e-01
9.749144558503310964e-01 9.683375549926676040e-01 9.647750670281026730e-01
9.774696707105718918e-01 9.704706039194773703e-01 9.669599608941050750e-01
9.780695907212371143e-01 9.693818601964182546e-01 9.655527411160017559e-01
9.815580144869573420e-01 9.717482113495978790e-01 9.674784102860387591e-01
9.768253121805980932e-01 9.701039861351820059e-01 9.654934897569248387e-01
9.846909300982091828e-01 9.744922899168999564e-01 9.688856300641405239e-01
9.812025063324889551e-01 9.727036395147313774e-01 9.677820735013142883e-01
9.767142158823267639e-01 9.704150557703417057e-01 9.661896932260900517e-01
