4.128895095463250620e+00 4.203056098221606085e+00 4.221622540445472360e+00
4.190341074503266761e+00 4.266544380498992872e+00 4.256164034937873097e+00
4.089166817667690523e+00 4.168454126214734323e+00 4.204872581835403800e+00
4.144705253172173087e+00 4.179268665360364565e+00 4.237179415450235354e+00
4.171067463004614062e+00 4.224219042650079636e+00 4.231188532749524889e+00
4.155053610797114771e+00 4.245143690771632450e+00 4.238142250333162941e+00
4.149927456656060443e+00 4.235660648864696398e+00 4.231332602339850979e+00
4.195575304854430421e+00 4.221629350283182980e+00 4.242624630882710690e+00
4.177114912393239621e+00 4.197276832483676223e+00 4.237836608615279665e+00
4.175676884730094685e+00 4.175026947982176218e+00 4.225509348106431418e+00
