2.147887323943661886e-01 3.367697594501718045e-02 1.752265861027190244e-02
2.147887323943661886e-01 3.346994535519125930e-02 1.626506024096385436e-02
2.147887323943661886e-01 3.395703395703395661e-02 1.744885679903730377e-02
2.147887323943661886e-01 3.398058252427184345e-02 1.743836440168370500e-02
2.140350877192982448e-01 3.386316516931582588e-02 1.748040988547317626e-02
2.163120567375886594e-01 3.367697594501718045e-02 1.630434782608695607e-02
2.163120567375886594e-01 3.356164383561643927e-02 1.622596153846153980e-02
2.163120567375886594e-01 3.349282296650717833e-02 1.631419939577039360e-02
2.186379928315412280e-01 3.344709897610921578e-02 1.624548736462093704e-02
2.147887323943661886e-01 3.353867214236824074e-02 1.687763713080168634e-02
