4.062500000000000000e-01 4.220299641274530386e-04 1.360914534567229310e-04
3.823529411764705621e-01 4.220744961485702377e-04 1.360914534567229310e-04
3.939393939393939226e-01 4.220299641274530386e-04 1.360821936449615457e-04
3.939393939393939226e-01 4.220299641274530386e-04 1.360821936449615457e-04
3.939393939393939226e-01 4.220299641274530386e-04 1.360821936449615457e-04
3.939393939393939226e-01 4.220299641274530386e-04 1.360821936449615457e-04
3.823529411764705621e-01 4.220744961485702377e-04 1.360821936449615457e-04
3.823529411764705621e-01 4.220299641274530386e-04 1.360821936449615457e-04
3.939393939393939226e-01 4.220299641274530386e-04 1.360914534567229310e-04
3.823529411764705621e-01 4.220299641274530386e-04 1.360821936449615457e-04
