9.951474268305950943e-01 9.694048525731694399e-01 9.646175606571646410e-01
9.951474268305950943e-01 9.692090088129692305e-01 9.644652377325644288e-01
9.951474268305950943e-01 9.696659775867696451e-01 9.644652377325644288e-01
9.951474268305950943e-01 9.696877380045696437e-01 9.644434773147644302e-01
9.951256664127950957e-01 9.695789359155695397e-01 9.645305189859645356e-01
9.951909476661952025e-01 9.694048525731694399e-01 9.645522794037645342e-01
9.951909476661952025e-01 9.692960504841693359e-01 9.643781960613643234e-01
9.951909476661952025e-01 9.692307692307692291e-01 9.645740398215645328e-01
9.952562289195953094e-01 9.691872483951692319e-01 9.644217168969644316e-01
9.951474268305950943e-01 9.692742900663692263e-01 9.645087585681645370e-01
