9.994933333333333447e-01 7.473600000000000243e-01 6.081600000000000339e-01
9.994399999999999951e-01 7.473866666666666436e-01 6.081600000000000339e-01
9.994666666666666144e-01 7.473600000000000243e-01 6.081333333333333035e-01
9.994666666666666144e-01 7.473600000000000243e-01 6.081333333333333035e-01
9.994666666666666144e-01 7.473600000000000243e-01 6.081333333333333035e-01
9.994666666666666144e-01 7.473600000000000243e-01 6.081333333333333035e-01
9.994399999999999951e-01 7.473866666666666436e-01 6.081333333333333035e-01
9.994399999999999951e-01 7.473600000000000243e-01 6.081333333333333035e-01
9.994666666666666144e-01 7.473600000000000243e-01 6.081600000000000339e-01
9.994399999999999951e-01 7.473600000000000243e-01 6.081333333333333035e-01
