4.320293880768699246e+00 4.345306334200291332e+00 4.296816287905525833e+00
4.166275841997771678e+00 4.121227827209765771e+00 3.926496963894575032e+00
4.352766813078463137e+00 4.389630054127860781e+00 4.115522190839487671e+00
4.370875062527311172e+00 4.468839395119185376e+00 4.072274548824049489e+00
4.471840069645073079e+00 4.373131490635871366e+00 4.292310186064761446e+00
4.494941884151568701e+00 4.564333339365869158e+00 4.291838507554813553e+00
3.967561699328858271e+00 4.546984705222339329e+00 4.175859257266085756e+00
4.182767529066355294e+00 4.571261100490341178e+00 4.450711741920565068e+00
4.006822848646597990e+00 4.624487258319147642e+00 4.395544531191764470e+00
4.268064152083088203e+00 4.549840487270012446e+00 4.280088904009821782e+00
