3.261922018899838349e+00 3.694175695761500844e+00 3.602526651433510363e+00
3.254132616909350517e+00 3.524769524848772484e+00 3.219921012281698580e+00
3.264591332973743931e+00 3.503335364283611586e+00 3.206454992629391043e+00
3.254531529681869095e+00 3.436610354143091683e+00 3.174107679842308904e+00
3.300914115945326355e+00 3.507825229835223713e+00 3.203140404780001838e+00
3.264366892959834399e+00 3.480060410090807910e+00 3.185897790113179084e+00
3.319178076008598044e+00 3.469691019018812828e+00 3.188249197545657498e+00
3.278991459507732742e+00 3.533515514879588260e+00 3.220156571741645379e+00
3.810730256370197466e+00 3.873798045359770459e+00 3.507089761058687305e+00
3.657467813719874616e+00 3.793037109926807204e+00 3.428042049065608499e+00
