2.586206896551724310e-01 3.448275862068965469e-02 3.448275862068965469e-02
2.586206896551724310e-01 3.448275862068965469e-02 3.448275862068965469e-02
2.586206896551724310e-01 3.448275862068965469e-02 3.448275862068965469e-02
2.586206896551724310e-01 3.448275862068965469e-02 3.448275862068965469e-02
2.586206896551724310e-01 3.448275862068965469e-02 3.448275862068965469e-02
2.586206896551724310e-01 3.448275862068965469e-02 3.448275862068965469e-02
2.586206896551724310e-01 3.448275862068965469e-02 3.448275862068965469e-02
2.586206896551724310e-01 3.448275862068965469e-02 3.448275862068965469e-02
2.586206896551724310e-01 3.448275862068965469e-02 3.448275862068965469e-02
2.586206896551724310e-01 3.448275862068965469e-02 3.448275862068965469e-02
