9.482758620689655249e-01 7.068965517241379004e-01 4.482758620689655249e-01
9.482758620689655249e-01 7.068965517241379004e-01 4.482758620689655249e-01
9.482758620689655249e-01 7.068965517241379004e-01 4.482758620689655249e-01
9.482758620689655249e-01 7.068965517241379004e-01 4.310344827586206629e-01
9.482758620689655249e-01 7.241379310344827624e-01 4.482758620689655249e-01
9.482758620689655249e-01 7.241379310344827624e-01 4.310344827586206629e-01
9.482758620689655249e-01 7.068965517241379004e-01 4.310344827586206629e-01
9.482758620689655249e-01 7.068965517241379004e-01 4.482758620689655249e-01
9.482758620689655249e-01 7.241379310344827624e-01 4.482758620689655249e-01
9.310344827586206629e-01 7.241379310344827624e-01 4.482758620689655249e-01
