9.957349581111957226e-01 9.707322380589706867e-01 9.662278315743662027e-01
9.958437602001958266e-01 9.712327276683712096e-01 9.666630399303666188e-01
9.959743227069959293e-01 9.715591339353715217e-01 9.669894461973670419e-01
9.952997497551953066e-01 9.714285714285714191e-01 9.667936024371668324e-01
9.953215101729953052e-01 9.711674464149712138e-01 9.667936024371668324e-01
9.953650310085954134e-01 9.711674464149712138e-01 9.667065607659667270e-01
9.953867914263954120e-01 9.717332172777717325e-01 9.665324774235665162e-01
9.958437602001958266e-01 9.712762485039713178e-01 9.666412795125666202e-01
9.953650310085954134e-01 9.714503318463714177e-01 9.665107170057665176e-01
9.953432705907953038e-01 9.710151234903710016e-01 9.666195190947666216e-01
