8.156239799804155810e-01 6.059841148950060319e-01 4.898270046784898302e-01
8.156675008160156892e-01 6.059188336416059251e-01 4.898922859318898815e-01
8.156457403982156906e-01 6.060929169840061359e-01 4.899793276030899869e-01
8.157327820694156850e-01 6.060711565662060263e-01 4.898487650962898288e-01
8.157545424872157946e-01 6.060711565662060263e-01 4.898487650962898288e-01
8.157110216516156864e-01 6.061364378196061331e-01 4.898705255140898829e-01
8.157763029050157932e-01 6.060276357306060291e-01 4.898487650962898288e-01
8.158415841584157890e-01 6.060058753128060305e-01 4.898052442606898316e-01
8.158633445762158987e-01 6.059841148950060319e-01 4.898487650962898288e-01
8.158198237406157904e-01 6.060276357306060291e-01 4.898052442606898316e-01
