2.616333376077808026e+00 2.872646369561311808e+00 2.987680359135024055e+00
2.905857336946827907e+00 2.927572162528242039e+00 2.664038849102509765e+00
3.652097108791916291e+00 3.726076083808538719e+00 2.985444056929863255e+00
3.021475137134256972e+00 3.230359091432304375e+00 3.269219658099096204e+00
2.888689586030158019e+00 3.141162077262950714e+00 2.827211771076965086e+00
2.953388836100526937e+00 3.213707028863185045e+00 3.066745490026457688e+00
3.283498887374638908e+00 3.661451939564861480e+00 3.547893272115295371e+00
3.738318660475828725e+00 3.747277920142333851e+00 3.589009320888042698e+00
3.341767048842235521e+00 3.413491247794037786e+00 3.523813098939725830e+00
3.535047595987151237e+00 3.383185936587734588e+00 3.438525485158359096e+00
