2.888888888888888618e-01 1.555555555555555580e-01 8.888888888888889228e-02
2.888888888888888618e-01 1.555555555555555580e-01 8.888888888888889228e-02
2.888888888888888618e-01 1.555555555555555580e-01 8.888888888888889228e-02
2.888888888888888618e-01 1.555555555555555580e-01 8.888888888888889228e-02
2.888888888888888618e-01 1.555555555555555580e-01 8.888888888888889228e-02
2.888888888888888618e-01 1.555555555555555580e-01 8.888888888888889228e-02
2.888888888888888618e-01 1.555555555555555580e-01 8.888888888888889228e-02
2.888888888888888618e-01 1.555555555555555580e-01 8.888888888888889228e-02
2.888888888888888618e-01 1.555555555555555580e-01 8.888888888888889228e-02
2.888888888888888618e-01 1.555555555555555580e-01 8.888888888888889228e-02
