9.333333333333333481e-01 8.222222222222221877e-01 5.333333333333333259e-01
9.333333333333333481e-01 8.222222222222221877e-01 4.888888888888888729e-01
9.333333333333333481e-01 8.444444444444444420e-01 5.555555555555555802e-01
9.555555555555556024e-01 8.444444444444444420e-01 5.111111111111110716e-01
9.555555555555556024e-01 8.444444444444444420e-01 5.555555555555555802e-01
9.555555555555556024e-01 8.444444444444444420e-01 5.555555555555555802e-01
9.555555555555556024e-01 8.444444444444444420e-01 5.111111111111110716e-01
9.555555555555556024e-01 8.444444444444444420e-01 5.111111111111110716e-01
9.555555555555556024e-01 8.444444444444444420e-01 5.111111111111110716e-01
9.555555555555556024e-01 8.444444444444444420e-01 5.111111111111110716e-01
