9.955391143509955132e-01 9.704493526275704829e-01 9.651615711021651611e-01
9.954955935153955160e-01 9.704928734631704801e-01 9.650527690131650571e-01
9.955173539331955146e-01 9.703187901207702692e-01 9.652268523555652679e-01
9.956261560221956186e-01 9.702752692851702720e-01 9.651615711021651611e-01
9.955391143509955132e-01 9.702317484495702749e-01 9.652703731911652651e-01
9.955391143509955132e-01 9.702535088673702734e-01 9.650962898487650543e-01
9.955391143509955132e-01 9.702752692851702720e-01 9.650962898487650543e-01
9.955391143509955132e-01 9.702752692851702720e-01 9.651180502665651639e-01
9.955608747687955118e-01 9.702970297029702706e-01 9.651180502665651639e-01
9.955608747687955118e-01 9.702317484495702749e-01 9.650745294309650557e-01
