8.134261777826133910e-01 6.085300837776085325e-01 4.910891089108910812e-01
8.134044173648133924e-01 6.085953650310086394e-01 4.910891089108910812e-01
8.134261777826133910e-01 6.084865629420085353e-01 4.910891089108910812e-01
8.134261777826133910e-01 6.085736046132085297e-01 4.911108693286911353e-01
8.134261777826133910e-01 6.085518441954085311e-01 4.910891089108910812e-01
8.134479382004135006e-01 6.085736046132085297e-01 4.911108693286911353e-01
8.134479382004135006e-01 6.086171254488086380e-01 4.910455880752910285e-01
8.134261777826133910e-01 6.086606462844086352e-01 4.910238276574910299e-01
8.134479382004135006e-01 6.086606462844086352e-01 4.910673484930910826e-01
8.134696986182134992e-01 6.086388858666086366e-01 4.910673484930910826e-01
