3.501828367356862426e+00 3.538108652044372526e+00 3.468677620130777850e+00
3.497828285472277532e+00 3.507728682399257725e+00 3.425803105915552482e+00
3.730308838380955727e+00 3.738693667486050032e+00 3.581020623795069469e+00
3.610622291262222117e+00 3.691040101403058049e+00 3.528841889103692342e+00
4.099469912701402485e+00 4.223891016021941169e+00 4.083434566609528638e+00
3.672573589888038725e+00 3.943039796776015127e+00 3.832707183619317615e+00
3.714684867391499612e+00 4.128387608911764595e+00 4.116028378964197820e+00
3.552485202192527947e+00 4.220349796347638183e+00 4.270515325711578214e+00
3.611335103993805085e+00 4.183360468625480166e+00 4.160279188345526791e+00
3.176973333570470182e+00 4.520525045202708370e+00 4.239859320627227923e+00
