3.788251744014037303e+00 3.816016395604164835e+00 3.752355760548577557e+00
3.730057334584428119e+00 3.817010620610906013e+00 3.757063293842456186e+00
3.643497879905518655e+00 3.824029147899448144e+00 3.736791074760257736e+00
3.775068642078918124e+00 3.868645731386105346e+00 3.884655399027080236e+00
3.660603722857967757e+00 3.704703335460645341e+00 3.700616304357849273e+00
3.690790433772851653e+00 3.958119014851490647e+00 3.805184215211118381e+00
3.802393756154593074e+00 3.870314301713156713e+00 3.870730006218263242e+00
3.887246971716673549e+00 4.076704716439680354e+00 3.971627850431951323e+00
4.022471691872880228e+00 4.008937491894164040e+00 3.953670597810293508e+00
3.958725102013471275e+00 3.920121031669386191e+00 3.865459243647600740e+00
