3.207547169811320598e-01 2.075471698113207641e-01 1.320754716981132060e-01
3.207547169811320598e-01 2.075471698113207641e-01 1.320754716981132060e-01
3.207547169811320598e-01 2.075471698113207641e-01 1.320754716981132060e-01
3.207547169811320598e-01 2.075471698113207641e-01 1.320754716981132060e-01
3.207547169811320598e-01 2.075471698113207641e-01 1.320754716981132060e-01
3.207547169811320598e-01 2.075471698113207641e-01 1.320754716981132060e-01
3.207547169811320598e-01 2.075471698113207641e-01 1.320754716981132060e-01
3.207547169811320598e-01 2.075471698113207641e-01 1.320754716981132060e-01
3.207547169811320598e-01 2.075471698113207641e-01 1.320754716981132060e-01
3.207547169811320598e-01 2.075471698113207641e-01 1.320754716981132060e-01
