1.000000000000000000e+00 7.358490566037735325e-01 4.528301886792452935e-01
1.000000000000000000e+00 7.358490566037735325e-01 4.905660377358490587e-01
1.000000000000000000e+00 7.358490566037735325e-01 4.528301886792452935e-01
1.000000000000000000e+00 7.358490566037735325e-01 4.528301886792452935e-01
1.000000000000000000e+00 7.358490566037735325e-01 4.716981132075471761e-01
1.000000000000000000e+00 7.358490566037735325e-01 4.528301886792452935e-01
1.000000000000000000e+00 7.358490566037735325e-01 4.528301886792452935e-01
1.000000000000000000e+00 7.358490566037735325e-01 4.905660377358490587e-01
1.000000000000000000e+00 7.358490566037735325e-01 4.905660377358490587e-01
1.000000000000000000e+00 7.358490566037735325e-01 4.528301886792452935e-01
