9.955826351865956214e-01 9.705363942987705883e-01 9.658361440539657838e-01
9.956261560221956186e-01 9.705799151343705855e-01 9.655750190403655786e-01
9.956261560221956186e-01 9.705799151343705855e-01 9.655750190403655786e-01
9.956261560221956186e-01 9.705363942987705883e-01 9.659449461429659989e-01
9.956043956043956200e-01 9.705799151343705855e-01 9.655750190403655786e-01
9.956479164399956172e-01 9.705146338809704787e-01 9.657273419649656798e-01
9.955826351865956214e-01 9.705799151343705855e-01 9.659231857251658893e-01
9.955826351865956214e-01 9.706669568055706909e-01 9.655750190403655786e-01
9.955608747687955118e-01 9.704928734631704801e-01 9.655967794581655772e-01
9.955608747687955118e-01 9.705581547165705869e-01 9.655532586225655800e-01
