8.168208029594168362e-01 6.106408443042106171e-01 4.944402132520944182e-01
8.168208029594168362e-01 6.106190838864106185e-01 4.944402132520944182e-01
8.168208029594168362e-01 6.105755630508106213e-01 4.944619736698944723e-01
8.168208029594168362e-01 6.105973234686106199e-01 4.944619736698944723e-01
8.167990425416168376e-01 6.106190838864106185e-01 4.944402132520944182e-01
8.168208029594168362e-01 6.105973234686106199e-01 4.944184528342944196e-01
8.168208029594168362e-01 6.105973234686106199e-01 4.945054945054945250e-01
8.168208029594168362e-01 6.106190838864106185e-01 4.944837340876944709e-01
8.168208029594168362e-01 6.105973234686106199e-01 4.944837340876944709e-01
8.168208029594168362e-01 6.105973234686106199e-01 4.944837340876944709e-01
