4.333886021714482339e+00 4.152926361526388277e+00 3.841434956873885476e+00
4.065824871864394119e+00 4.489151489223981883e+00 4.302578471304870256e+00
4.849757833789036354e+00 5.036361698201740289e+00 4.650979440492290173e+00
4.366179888011169297e+00 4.251950740517030702e+00 4.330987501153751751e+00
4.158019975912057298e+00 4.297131582288072238e+00 4.134239779337207210e+00
3.851671610827458903e+00 4.609184333030174940e+00 4.547232119077869505e+00
4.427383448248306763e+00 4.585258114878566715e+00 3.929197980872646934e+00
4.265465445481199325e+00 4.302168560987480461e+00 4.087182433210147181e+00
4.629874518152004903e+00 4.478452485347165890e+00 4.266585800826637964e+00
4.262603323559174484e+00 4.396544965081417899e+00 3.926667101351572153e+00
