8.333333333333332871e-02 4.166666666666666435e-02 6.250000000000000000e-02
1.041666666666666713e-01 6.250000000000000000e-02 8.333333333333332871e-02
1.250000000000000000e-01 8.333333333333332871e-02 8.333333333333332871e-02
2.083333333333333426e-01 8.333333333333332871e-02 1.041666666666666713e-01
2.916666666666666852e-01 6.250000000000000000e-02 4.166666666666666435e-02
2.916666666666666852e-01 1.250000000000000000e-01 1.041666666666666713e-01
2.916666666666666852e-01 1.041666666666666713e-01 1.458333333333333426e-01
2.916666666666666852e-01 1.250000000000000000e-01 1.666666666666666574e-01
2.916666666666666852e-01 1.250000000000000000e-01 1.875000000000000000e-01
3.333333333333333148e-01 1.458333333333333426e-01 1.666666666666666574e-01
