1.190476190476190410e-01 2.380952380952380820e-02 0.000000000000000000e+00
1.428571428571428492e-01 0.000000000000000000e+00 0.000000000000000000e+00
1.428571428571428492e-01 0.000000000000000000e+00 0.000000000000000000e+00
1.428571428571428492e-01 0.000000000000000000e+00 0.000000000000000000e+00
1.428571428571428492e-01 0.000000000000000000e+00 0.000000000000000000e+00
1.428571428571428492e-01 0.000000000000000000e+00 0.000000000000000000e+00
9.523809523809523281e-02 2.380952380952380820e-02 0.000000000000000000e+00
1.190476190476190410e-01 0.000000000000000000e+00 0.000000000000000000e+00
1.190476190476190410e-01 0.000000000000000000e+00 0.000000000000000000e+00
9.523809523809523281e-02 2.380952380952380820e-02 0.000000000000000000e+00
