9.593080187139593207e-01 9.509302578609509782e-01 9.319769339571319922e-01
9.748449570231748629e-01 9.586987270155586938e-01 9.483842889783483665e-01
9.568273310847568158e-01 9.499075182243499338e-01 9.427918616037428423e-01
9.533891850723533734e-01 9.484713306495484719e-01 9.425089761723425275e-01
9.526493308671526439e-01 9.458383200957458659e-01 9.374823196605375220e-01
9.434229137199434678e-01 9.420084865629420046e-01 9.338048090523337619e-01
9.469698618213470143e-01 9.431835491241431502e-01 9.347405070177347008e-01
9.395713197693396079e-01 9.391361114133390808e-01 9.325644652377325095e-01
9.391796322489391891e-01 9.387226634751387744e-01 9.318028506147317813e-01
9.374387988249374137e-01 9.372864759003373125e-01 9.303231422043303223e-01
