7.913175932977912774e-01 5.946251768033946616e-01 4.808181917092808066e-01
7.944946142965945146e-01 6.049613752584049875e-01 4.929169840060929064e-01
8.014361875748013953e-01 6.040474377108040471e-01 4.943749319986943669e-01
7.974105102817974355e-01 6.053965836144054036e-01 4.937874007180937941e-01
8.037427918616036893e-01 6.045044064846044618e-01 4.951800674572952032e-01
7.990643020345991054e-01 6.030682189098031110e-01 4.929169840060929064e-01
7.984767707539984771e-01 6.052225002720051927e-01 4.947230986834947331e-01
7.941029267761940957e-01 6.011968229790012330e-01 4.961592862582961394e-01
7.936677184201936797e-01 6.013273854858013356e-01 4.962680883472962434e-01
7.747579153519748019e-01 6.033511043412033148e-01 4.926776194102926998e-01
