4.040322567013891586e+00 4.033864581212379008e+00 3.797472252164912909e+00
3.785811646458031809e+00 3.798926921262837375e+00 3.707720372275804532e+00
3.600774059132104021e+00 3.826844002373742004e+00 3.754180229971336491e+00
3.747948052713417688e+00 3.911241425413823691e+00 3.754451475486477730e+00
3.908040506195806341e+00 4.113576857654210883e+00 3.910637344014800121e+00
3.834358212719966907e+00 4.097967552082605103e+00 4.025972970527142536e+00
3.762773966000224846e+00 3.906058270673695709e+00 3.744226354857442374e+00
3.866067407786651255e+00 4.100446808609417459e+00 3.975294241664789396e+00
3.832354267949285909e+00 4.138236141889288788e+00 4.007998009241685367e+00
3.840357327983400904e+00 4.133809900813090188e+00 3.974674374033637214e+00
