2.962962962962962798e-01 0.000000000000000000e+00 0.000000000000000000e+00
2.000000000000000111e-01 0.000000000000000000e+00 0.000000000000000000e+00
2.758620689655172376e-01 0.000000000000000000e+00 0.000000000000000000e+00
2.758620689655172376e-01 0.000000000000000000e+00 0.000000000000000000e+00
2.000000000000000111e-01 0.000000000000000000e+00 0.000000000000000000e+00
2.857142857142856984e-01 0.000000000000000000e+00 0.000000000000000000e+00
2.758620689655172376e-01 0.000000000000000000e+00 0.000000000000000000e+00
2.857142857142856984e-01 0.000000000000000000e+00 0.000000000000000000e+00
2.258064516129032195e-01 0.000000000000000000e+00 6.784260515603799746e-05
2.500000000000000000e-01 0.000000000000000000e+00 0.000000000000000000e+00
