1.556420233463035041e-01 2.238267148014440322e-02 1.139962001266624399e-02
1.550387596899224785e-01 2.313810556760665174e-02 1.013941698352344677e-02
1.544401544401544368e-01 2.228612508986340876e-02 9.638554216867470728e-03
1.477272727272727348e-01 2.169197396963123622e-02 1.077996195307545993e-02
1.532567049808429005e-01 2.162941600576784307e-02 1.077313054499366360e-02
1.526717557251908441e-01 2.300503235082674430e-02 1.077996195307545993e-02
1.520912547528517067e-01 2.055702917771883367e-02 9.919404835709856941e-03
1.439114391143911376e-01 2.231821454283657372e-02 1.197227473219911707e-02
1.355311355311355215e-01 2.307137707281903261e-02 1.012658227848101285e-02
1.423220973782771404e-01 2.225412778176597342e-02 1.014584654407102091e-02
