9.952779893373953080e-01 9.705363942987705883e-01 9.660319878141659933e-01
9.952562289195953094e-01 9.706016755521705841e-01 9.660102273963659947e-01
9.952344685017951997e-01 9.704058317919703747e-01 9.642258731367642222e-01
9.951039059949950971e-01 9.705581547165705869e-01 9.660537482319661029e-01
9.951909476661952025e-01 9.704711130453704815e-01 9.660319878141659933e-01
9.951691872483952039e-01 9.704275922097703733e-01 9.660537482319661029e-01
9.951474268305950943e-01 9.678598629093678740e-01 9.652486127733652665e-01
9.949515830703949959e-01 9.704493526275704829e-01 9.658796648895658921e-01
9.948645413991948905e-01 9.705146338809704787e-01 9.659667065607659975e-01
9.950168643237949917e-01 9.703623109563703775e-01 9.660319878141659933e-01
