9.994923044035912696e-01 7.473546387345019193e-01 6.061618212911500381e-01
9.991449337323642377e-01 7.473011970927746495e-01 6.064290294997862762e-01
9.994388627618639998e-01 7.472744762719111256e-01 6.062152629328773079e-01
9.994388627618639998e-01 7.473813595553655542e-01 6.061618212911500381e-01
9.991449337323642377e-01 7.472744762719111256e-01 6.062152629328773079e-01
9.994655835827276347e-01 7.473279179136382844e-01 6.061351004702864032e-01
9.994388627618639998e-01 7.473279179136382844e-01 6.061885421120136730e-01
9.994655835827276347e-01 7.473546387345019193e-01 6.061618212911500381e-01
9.993587002992732060e-01 7.473279179136382844e-01 6.061618212911500381e-01
9.993587002992732060e-01 7.473546387345019193e-01 6.062152629328773079e-01
