4.107619388234905244e+00 4.038168949281961240e+00 4.102880882756291925e+00
4.126589022737551460e+00 4.304655329693256149e+00 3.883460513904163136e+00
4.197431586475816268e+00 4.347726837495073937e+00 3.895394546299272953e+00
4.100543719737075321e+00 4.241131889514673681e+00 3.973085347828508862e+00
4.183534483384875990e+00 4.283167723032639707e+00 3.933988485747883956e+00
4.350221041973654224e+00 4.372371090965130769e+00 4.002810692706157525e+00
4.151037155428944025e+00 4.300182609434642700e+00 3.911721763771966121e+00
4.154858495761400761e+00 4.298831940942154262e+00 3.938871722858430680e+00
4.166685284209107110e+00 4.293876913668728257e+00 3.913728093638115357e+00
4.157390628134672639e+00 4.282947435126984281e+00 3.934498371396169425e+00
