2.091020910209102218e-02 3.083247687564234178e-03 2.873563218390804558e-03
2.602739726027397324e-02 6.260671599317017659e-03 2.608695652173913249e-03
3.154574132492113381e-02 4.507042253521127001e-03 3.137606454504706256e-03
3.902439024390243899e-02 5.253940455341506166e-03 3.424657534246575152e-03
5.025996533795493854e-02 7.159904534606205580e-03 2.989536621823617440e-03
5.034722222222222376e-02 7.189934092270820580e-03 3.470500743678730637e-03
5.078809106830122627e-02 8.474576271186440649e-03 3.544303797468354323e-03
5.516014234875445121e-02 7.303712720632988577e-03 4.570848146267140512e-03
5.385996409335726959e-02 8.547008547008547868e-03 3.037974683544303767e-03
5.328596802841917973e-02 8.588957055214724648e-03 3.056546102903718795e-03
