4.918032786885246331e-03 0.000000000000000000e+00 0.000000000000000000e+00
6.072874493927125569e-03 0.000000000000000000e+00 0.000000000000000000e+00
4.201680672268907381e-03 1.027854866892794801e-04 0.000000000000000000e+00
4.739336492890995622e-03 1.034661148473874748e-04 0.000000000000000000e+00
7.812500000000000000e-03 1.032737787875658339e-04 0.000000000000000000e+00
8.000000000000000167e-03 1.034126163391933784e-04 0.000000000000000000e+00
1.702127659574468113e-02 0.000000000000000000e+00 0.000000000000000000e+00
1.951219512195121950e-02 0.000000000000000000e+00 0.000000000000000000e+00
1.369863013698630061e-02 0.000000000000000000e+00 0.000000000000000000e+00
1.395348837209302306e-02 0.000000000000000000e+00 0.000000000000000000e+00
