9.826787074311826853e-01 9.577847894679577534e-01 9.471439451637471141e-01
9.845283429441845646e-01 9.620063105211620336e-01 9.500816015667500336e-01
9.866391034707866492e-01 9.615493417473615079e-01 9.516048308127516009e-01
9.871395930801871721e-01 9.629202480687629739e-01 9.556740289413556688e-01
9.880752910455881111e-01 9.637906647807638061e-01 9.564574039821565066e-01
9.880970514633881097e-01 9.639429877053639073e-01 9.562615602219562971e-01
9.882058535523882137e-01 9.643564356435643248e-01 9.571754977695571265e-01
9.884452181481884203e-01 9.645087585681645370e-01 9.573495811119573373e-01
9.885322598193885257e-01 9.646610814927646382e-01 9.571537373517571279e-01
9.884016973125884231e-01 9.648351648351648491e-01 9.574148623653574441e-01
