9.838146281630802958e-01 7.366344025811268903e-01 5.978721702263818383e-01
9.869077140495426947e-01 7.394875076660534230e-01 5.999786683731967996e-01
9.873610111191104544e-01 7.406074180732208356e-01 6.010719142468602394e-01
9.888008959283257626e-01 7.423139482174759829e-01 6.025651281230834933e-01
9.932272084899874676e-01 7.418339866144041395e-01 6.027517798576114139e-01
9.933871956910114154e-01 7.421806255499560079e-01 6.028851025251312779e-01
9.938404927605791750e-01 7.418073220809001667e-01 6.027517798576114139e-01
9.946404287656986920e-01 7.430338906220835815e-01 6.032850705276910919e-01
9.942404607631389890e-01 7.435138522251553139e-01 6.040050129322988015e-01
9.943471188971548802e-01 7.433272004906273933e-01 6.034983867957229853e-01
