4.522815055292403130e+00 3.544123511153541184e+00 3.338634892140840638e+00
4.227073717147079357e+00 3.515563428545799507e+00 3.544092769498841555e+00
3.931936555331672078e+00 3.532361375419671656e+00 3.766648210751962544e+00
3.818740613116951454e+00 3.731160865909022739e+00 3.575461533801423730e+00
3.910839439902194847e+00 3.902185891312684340e+00 3.664813311225978421e+00
3.878879173362396404e+00 3.811410403590850038e+00 3.985194724645273467e+00
4.041449102477194799e+00 3.859025879188442865e+00 3.822195022330100667e+00
3.878340511499589915e+00 4.104314308854990934e+00 3.919565915908389986e+00
3.837732762350767324e+00 3.912621714992875255e+00 3.763943476725898574e+00
4.119874022166328587e+00 3.986085947475936919e+00 3.871816484524105650e+00
